8.552702971733527892e-02 1.037024319910826664e+00 2.521708090428250726e-01 9.739619572936573100e-01 1.217004189684278287e-01 -3.687518658758457378e-03 3.281458818573973986e+02 1.039681466670568932e+00 1.251764117088385309e-01
7.044772738919129196e-02 5.441736131750083416e-01 1.020864212862281573e+00 9.116226663767132976e-01 4.825884305667572649e-01 -1.987938063139807476e-02 2.171007675811071351e+02 2.758456083800260583e-02 1.072100683200696292e+00
3.707342878687072685e-01 1.798432528069968464e-02 1.637502644800576057e+00 6.367352031672668389e+00 3.435547146260283791e-01 1.606585257801801609e-03 1.131561436028094704e+03 -3.688131376190163735e+01 1.107922998123141234e+01
1.688728107111966970e-01 5.571204877399051902e-01 5.856161189647579590e-01 1.099479187515171041e-01 2.823248061038752255e-01 3.611462741917706486e-04 1.638350914222750632e+01 1.834786964527914677e-01 8.798183368457108688e-01
2.462658357395959285e-01 4.853317440946902650e-01 1.297583190852917845e-01 3.515401866402384501e-01 7.132812305372741857e-02 6.294351281450348556e-02 1.797181453622828940e+03 8.436585323742848974e-01 1.010834715820273788e-01
1.139793155014564574e-01 8.417503573725804156e-01 6.863116625590841569e-01 1.146040799202190463e+01 2.857407474567178474e-01 3.284348808602124874e-06 3.074867507346384627e+03 -2.635238683390130343e-01 1.649288316231453422e+01
1.048421453897741273e-01 8.827806752472517893e-01 8.045925062874262901e-01 8.785804857836205795e-01 3.284402147141484152e-01 6.219967463192357265e-05 3.639157791046461625e+02 7.756588180104586616e-01 5.726187427992759371e-01
3.953085970387050230e-01 8.654288878430713150e-02 1.621751585820467412e+00 5.348511602581920155e-01 6.672887750627611858e-01 1.522648058887463788e-05 3.627190743258046268e+01 4.404027481209238370e-01 4.753124782594271291e-01
6.017565820026012091e-02 5.092185675943659007e-01 1.083775047265079561e+00 6.507088108318344055e+00 5.400609422651717617e-01 6.570439370014739735e-04 1.626251922162861320e+03 -4.459843990760981036e-02 7.834265734604512588e+00
2.335383257231957721e-01 6.501461335047938883e-01 1.660010090451219389e-01 8.773662905523782474e-01 8.034704118753474567e-02 -2.226131471856308890e-05 3.464266696141215107e+03 1.121026484058714745e+00 1.678792638221128786e-01
2.407556472541351189e-01 1.145194635885044693e-02 1.129111998381190640e-01 1.636008799029474714e-01 6.854429849057125379e-02 6.997733997182415538e-03 7.744610604899858117e+02 3.096921606400443450e-01 3.902215645529320820e-02
2.344455512475422942e-01 1.176119803903525607e-01 6.698096636284862904e-02 7.299920767238054609e+00 2.423376566829884768e-02 -1.973940276621300449e-01 1.758193092657569196e+03 1.784459319556982493e+01 1.090689374078081109e+01
4.279007980201706141e-01 9.532423444975662852e-02 1.347487280076694605e-01 7.301033630341080993e+00 3.575502590995595364e-02 3.385420658549667672e-02 1.434420233547067619e+04 8.336373687019488443e+00 2.101239135148715320e+01
2.524645178880201568e-01 1.257278702240206769e+00 6.882426225473405879e-01 7.259374374128055307e-02 2.401045341426249480e-01 7.530107448538460573e-06 2.706818955939542093e+02 7.377174982729555186e-01 1.099230385022717416e+00
8.463029142310016240e-02 9.098486745051329594e-01 2.539469695932704552e-01 2.917415386426103208e+00 1.250559140141236925e-01 6.630731230486891365e-06 9.695891472828601536e+02 3.130104969772570911e+00 3.845032029091847714e-01
2.335435557041034560e-01 8.656598017561506486e-02 1.294379259797232007e-01 1.415299831884151149e-01 5.271026742031269252e-02 3.806517332966832713e-06 3.245892695801342853e+01 1.727301139744045755e-01 5.629213561290644652e-01
2.298583930585335056e-01 1.971150999546868121e+00 8.655602739256312850e-02 6.104124316271333228e+00 2.829474842443949201e-02 -4.062655303614244942e-03 1.556131284116135930e+03 -2.701627506783421673e+00 1.186094176014314172e+01
6.491606280027716058e-02 5.020085024420082309e-01 9.156090873956936882e-01 5.276289696990437150e-01 4.605107151694707301e-01 4.500594036373823292e-06 1.221533518236736882e+02 3.664324383058741308e-01 4.597345153512140126e-01
3.650582672453596134e-01 1.536026597200818716e-02 2.069119249158497098e+00 7.450152722280012352e-01 6.463337375295459264e-01 3.156441179674417119e-04 1.342338002753167075e+03 6.416300480954622021e-01 6.368129638139667925e-01
4.465403898102057734e-01 1.704597150384130899e-02 1.689846476835715983e+00 6.261027042138046284e+00 4.475137776706216153e-01 3.690492131636996737e-05 1.780582379103374706e+03 7.547641243800876865e+00 2.123472631829798285e+00
1.780664570317879170e-01 4.211888945646529714e-01 6.185610554652942739e-01 1.264030746462912191e-01 3.197728925584169546e-01 5.629101943852303676e-05 1.543152132691231770e+01 3.785425513740424686e-01 9.188844134821758658e-01
2.297469023750891015e-01 1.738096381988214478e-01 1.130288673367825514e-01 1.758043268732583653e-01 5.905864305147291715e-02 -1.088798512288259319e-03 7.048301766750852266e+02 2.079556015604300812e-01 2.292518477059769105e-02
5.992685434082613283e-02 4.995047811046823272e-01 1.017133215805743784e+00 3.024207718241641807e+00 5.120233416361077428e-01 2.415327932532788230e-04 7.282651635536585673e+02 1.251247091824320146e+00 3.114548150177298247e+00
2.254374407472366393e+00 2.874027942891312082e-02 2.558536838038071082e+00 1.045425472762466867e+01 6.519607594201595191e-01 1.588286176896586089e-04 7.612068317542336899e+02 1.980765750079245180e+01 1.203495286989652691e+00
2.507536705833024460e-01 1.100033282444989879e+00 4.025157167971230576e-01 5.653856406633935849e-01 1.666428310829265458e-01 5.530809311622110307e-03 2.237622642555442781e+03 1.531956976373665125e+00 4.841186387476338893e-01
5.964701435632423221e-02 4.792086208758667976e-01 9.106590813633754777e-01 5.812836777577108371e-01 4.671306721784147520e-01 3.515385274912460303e-05 1.324052205300697551e+02 4.581721856112876967e-01 4.724651848573006019e-01
8.508696030542162170e-01 2.745283294781449696e-02 2.751240061182737229e+00 5.461471613272719239e-01 3.484244150265310980e-01 1.502287602563691696e-04 7.321656599698457057e+01 2.295353615828896743e-01 1.094908213871133995e+01
2.509196153305983668e-01 6.846993309824175311e-01 1.797238895336509268e-01 2.698162271910269361e-01 8.772689674048975150e-02 -1.043579090735465356e-03 8.165892343001573863e+02 3.114643858004932375e-01 4.268981427760901864e-02
2.449143988896315682e-01 8.920019756067337768e-01 9.129066663466995912e-01 2.745432996448647356e-01 3.438627882786041146e-01 -7.164269489838273261e-04 9.336032308113085492e+02 -1.914486396212950581e+00 9.120782886029834557e-01
4.177870399413557978e-01 3.980984160124138860e-02 1.691646181447590824e-01 2.390440024234115945e+00 5.508583723129892307e-02 -3.386126710356074897e-03 5.366838369867818983e+03 1.291683770561250100e+01 4.361631603374014787e+00
6.362757585217362344e-01 1.440932266556864683e-01 8.650885687860798701e-01 1.185435722497535371e-01 2.150717977243570833e-01 -1.781379837066779967e-04 2.417183352887644105e+03 7.016403546489472509e-01 2.067164967978777579e+00
1.469789419361391958e-01 5.297607335321903310e-01 1.124526995892947578e+00 4.079835297837059449e-01 8.222708781683618628e-01 -2.805195145428415748e-03 7.992037222110838002e+01 5.786715387688372569e-01 2.323159848400311867e-01
1.484413867114589558e-01 5.777319896886358164e-01 1.532870283418662716e+00 9.980983268159771882e+00 9.120282468048142022e-01 8.660737223155702579e-05 2.910792505643514232e+03 -7.870010355462490059e-01 1.496511443982155676e+01
2.529514930281097085e-01 9.017399493904328933e-01 7.082544096077392215e-01 5.449359866958055493e-02 2.776383815109823572e-01 -1.009810035737850753e-06 2.022796643724961712e+02 6.740510095341636365e-01 8.100823840664942432e-01
2.526889650557046507e-01 1.489949354837465378e+00 5.969011046078060989e-01 3.543685064181054667e-01 2.047241953412997084e-01 6.470484752950064223e-06 1.374824439980738589e+03 1.786631186584648923e+00 9.907784379858236568e-01
3.903031446079888722e-01 1.134127049007544602e-02 2.114903436367708167e+00 3.576983200866873602e+00 2.998521670843569131e-01 -4.062095963875993199e-02 2.925620247176011617e+03 -1.469953765942065615e+01 4.388732651804188478e+00
1.390297622992365534e-01 8.813466079986236323e-01 6.192537135474084353e-01 1.028361236112037780e+00 2.594524207202113519e-01 1.284031464996520863e-02 2.466920358643624240e+02 -1.119058227155087870e+01 4.984075291932857255e+00
6.238266526710425919e-02 4.026500653790375805e-01 6.648267190885039923e-01 5.832552617343784718e+00 3.423499335526749565e-01 -2.983705417717981145e-01 1.125368965618144102e+03 6.110538794816605446e+00 2.619539770380201027e+00
4.636298897068095726e-01 9.811906919630046173e-03 1.630091585076493210e+00 1.229283900911797706e-01 2.356486090353786533e-01 -1.058383454245384451e-04 3.042460636044590316e+01 1.524850265422958429e-01 1.238591555238116371e+00
7.062745340714916831e-02 5.419510715236983689e-01 1.057288813847979903e+00 1.068362114130744089e+01 5.137205750117199710e-01 -3.071080428698887491e-03 2.937826349645093615e+03 1.033888468071616717e+00 1.224477811030234164e+01
2.412315149491095490e-01 1.176683259392111505e-02 1.167334570781013992e-01 3.230065105258000946e-01 6.825963953416258612e-02 1.853874595001427615e-04 1.468210182555469146e+03 6.316404958225239064e-01 7.817426578989214447e-02
2.380435039290408894e-01 2.682038996694068977e+00 2.755662459312518964e-01 1.718298820864027743e+00 1.080970205431655701e-01 -1.475564193907109726e-03 6.068751919158296005e+03 2.108803759325479810e+00 3.944919941424744891e-01
1.144249990390694138e-01 1.027639845769185101e+00 5.510090824643301133e-01 5.023416361588617374e-01 2.779793825958175590e-01 1.143832907444822522e-01 1.859066716730433200e+02 5.906514901755652858e-01 3.665953200315332228e-01
1.657628557054600660e-01 5.470670690773435929e-01 6.337955201599223543e-01 2.333944261339909176e-01 3.049754018824596402e-01 -2.484311837921426722e-05 3.478978277131955110e+01 -3.608453606069391473e+00 2.355968532271070170e+00
7.487456474094336678e-02 2.350149280468662449e-01 2.866116356702118062e-01 1.527517016929476057e+00 1.663975523891021435e-01 -1.209885017507799104e-08 4.139506001728941555e+02 1.667994652883526552e+00 2.633053366785227389e-01
7.992602348918212418e-02 1.088313573675188661e-01 1.729168882755546810e-01 7.636711725778269622e-02 9.851325087390767898e-02 -4.087356220314912469e-03 2.335838704996492865e+01 7.669891052001703846e-02 7.325555775539657755e-03
1.903034394785264038e-01 6.837139546451648231e-02 4.785200451405113853e-02 8.679941097889178891e-01 2.724743228968290465e-02 4.484948078355612683e-03 5.676679617953127490e+02 8.857858584592879225e-01 1.897947285620170399e-02
4.788664485426395445e-01 1.265284212052778245e-01 1.931297688876825180e+00 3.119859219001754891e+00 5.065517628712568055e-01 2.310396059665482558e-04 5.372111880230859526e+01 8.928363959366146574e+00 3.582539183406670880e+00
4.875179597662563924e-01 2.814095965157354523e-02 1.252627644914487082e+00 8.409572437012364787e+00 7.615910604301980857e-01 -1.835688975910857964e-05 1.437571529648911110e+03 1.226396342531983663e+01 1.243924889891284913e+00
2.357737980632090280e-01 1.395106207337764026e+00 8.157825802271478910e-02 8.146361628575728986e-01 3.909183928492322713e-02 2.208879568588982545e-02 3.674828970411012051e+03 1.069243941077788751e+00 9.680270574467209066e-02
1.497835342216844445e-01 6.542610728155771049e-01 6.527752567634033110e-01 1.451517567986681634e+00 2.813157584995914506e-01 -4.102850524895671099e-03 3.193632665087228588e+02 -1.052544673249704843e+01 4.327070581660715121e+00
1.619042744359586727e-01 6.158404154525809915e+00 3.570308838523773565e-01 1.194869142820838670e+00 1.051862342860164085e-01 1.501755953671281008e-01 5.993591794419778580e+02 2.293696897069220864e+00 6.137946387030998707e+00
1.337800230078775854e-01 2.414077785508119689e+00 4.556385851301518741e-01 5.612582423639342899e+00 1.524384499528023129e-01 1.503312802777589550e-03 1.944988694656487496e+03 7.467019669776134627e+00 5.372848671993089908e+00
2.506036367231069817e-01 9.707919535220504992e-01 6.112602699860787414e-01 9.969345082902632271e-02 2.430896716196729868e-01 5.898487633638920848e-04 3.709349823186748836e+02 1.986746669730996007e-01 1.435113348033851821e-01
8.556315738949775429e-02 3.525726997999151235e-01 6.616682597383038988e-01 7.568062780352693864e+00 2.384476519302465569e-01 -2.602561149048920441e+00 7.150734930255018753e+02 5.826199583877108346e+00 2.199004459635355957e+00
6.494652271515344300e-01 1.490251496627336358e+00 2.488839615299120567e+00 1.421810798648372121e+00 4.071116226081776812e-01 1.559810393738827582e-03 2.745631189873702169e+02 1.075458182871555124e+01 7.858238824452977056e+00
1.059568065822574234e-01 2.886704130691612469e-01 1.189177074560666458e+00 9.340481920364183566e+00 7.191602797119243107e-01 -6.728491597691493159e-03 1.581643155172657771e+03 7.656423841281623233e+00 8.859710786917053937e+00
1.127729862333231026e-01 7.842919794372698039e-01 7.542408250351257948e-01 3.403097117597662979e+00 3.174259099038039267e-01 4.791508397343956227e-03 9.151662917077142083e+02 -1.629441276826334928e+01 8.631623497430243930e+00
2.016421483238272638e-01 2.994660323798221252e-02 4.019471094734641120e-02 1.065537187095186633e+00 2.150728272242508413e-02 -5.620265287867610439e-05 1.961668685818476092e+02 1.266000691083070784e+00 8.443742500321468891e-02
2.303904615752573881e-01 5.277563785197834090e-01 5.828913839096224597e-02 1.756053680188632171e+00 1.564761832504783096e-02 -4.429126046303577535e-02 4.963970277618790305e+02 1.517555674711338343e+00 1.903150435710096455e-01
1.417032204561695097e-01 1.448651901655428453e+00 5.994501128141488389e-01 4.254985394132269616e-01 2.408880631238126124e-01 3.186413634979091969e-02 2.204131067092179137e+02 4.810365223312682570e-01 1.724301917954983998e-01
3.606964581875722886e-01 3.179156193448087753e-02 1.472338135485081967e+00 2.255132270995110488e+00 5.458745036076714241e-01 4.615126973863249368e-03 2.946371130292682210e+02 2.408330543275214009e+00 1.396604261358278976e+00
1.536875679536551798e-01 8.446734452566126081e-03 6.648526401931122987e-01 4.637629977101752843e+00 9.498495491216577546e-01 -7.589677737606990554e-07 2.420772458095872025e+03 7.425628204046335057e+00 6.844866036342517335e-01
2.426177514269217683e-01 6.446296599977538802e-03 1.420544623845746146e-01 2.798112415757255445e+00 7.063221350012421906e-02 -8.747829610227811359e-03 6.112442884142908497e+02 1.580279537714819682e+01 8.525664217744880702e+00
2.514787026323266894e-01 1.044813838385956206e+00 6.981384835595472182e-01 1.282737414416279809e-01 2.600244892173592115e-01 -2.369746958243121483e-05 4.684971920899284896e+02 1.594282578292888219e-01 2.367691646208926470e-01
4.322778575603715145e-01 8.445063222513315981e-03 7.444566745269504127e-02 1.621238551192016430e+00 1.889021994856686371e-02 -2.648317408781689086e-02 3.156804520857513126e+03 2.364828186982323999e+00 1.552751147585412994e+00
4.236694008799291034e-01 3.724788738837086707e-03 3.722207781510587787e-02 6.551735724459801791e-01 9.260448680174539204e-03 -1.149518959677681054e-03 1.383385766497730856e+03 1.225942966093471309e+00 2.447162973616825443e-01
2.130868826628573021e-01 7.488004044892959676e-01 1.004745210511789610e-01 7.574668642059464219e+00 4.859937665626420239e-02 2.939941332363519289e-01 1.670728008022576887e+03 1.732546473918893071e+01 2.655289514447524368e+00
8.430464497829368020e-02 3.087279286810505896e-01 8.680272483683364459e-01 2.673188490847996368e-01 5.077586418099713228e-01 -7.733846791113638307e-04 4.583789644326756729e+01 2.728293485552700237e-01 1.789121056353077110e-01
1.519501030572650291e-01 3.230415504795826065e-01 1.086283421643203351e+00 2.801997794094686078e-01 1.147541181955606948e+00 -1.323616597046585030e-03 4.691545278574552924e+01 4.933553312060033891e-01 7.996954211411003155e-02
1.377347210551246315e-01 5.002528131250246091e+00 3.786732018378864417e-01 8.667009288076260587e-01 9.612533702383330159e-02 -1.349160062987563302e-01 2.703044033786285922e+02 2.639531127598142124e+00 9.877113142658349165e-01
2.508185874449719299e-01 1.995207598790792236e+00 6.874357241483330938e-01 1.120085749761201288e-01 1.977831615037102808e-01 -2.770936931849665242e-04 4.129488830796140064e+02 3.417103329241481802e-02 6.370536070700507647e-01
8.167552132579550261e-02 6.258060632941031542e-01 5.023064780421371278e-01 9.542191247903936357e+00 2.474503807006871448e-01 -6.416385504981689190e-06 2.996732942726643159e+03 1.052842507842272113e+01 2.905446654671440143e+00
2.356866463479760365e-01 4.873248658365890440e-02 1.098227387194304350e-01 6.392685608316289958e+00 4.405356139709952490e-02 3.219035887927860497e-05 1.508731149769124386e+03 1.270997003919884349e+00 1.295089070619644289e+01
1.280605280872167684e-01 1.028876863779904838e+00 4.745976615994342840e-01 5.939961536363808747e+00 1.996209768346847713e-01 1.332852029726572045e-04 1.487069782336538083e+03 6.581373753014659655e+00 3.464493111068374986e+00
2.526092186562146069e-01 9.339755408612272491e-01 6.799169003604372818e-01 3.065357575178969674e-01 2.655119010806575863e-01 -8.978773448961173582e-05 1.138041940969025063e+03 8.501600065501229153e-01 1.032957320104233467e+00
2.339836929518990805e-01 9.928837642551946799e-03 5.740341714369097403e-02 1.193737596226811970e+00 2.371095982263716692e-02 -9.305111167608607139e-03 2.891067464029094367e+02 2.860856367772228293e+00 7.487231977001769234e-01
4.506236249147513862e-01 6.122166212860890439e-03 9.734535389606293609e-01 7.475884598861156860e+00 1.900859907604827426e-01 -1.997607981911497842e-04 5.169003326215821517e+02 1.028700310574509302e+01 9.595189827204984034e-01
6.561949107872268316e-02 2.307520220585421722e-01 4.192346026661515346e-01 8.198668796194127140e+00 2.521768338757631733e-01 8.182643860797150781e-02 2.011684299053066752e+03 9.253671886355682830e+00 2.231976374561314813e+00
2.320253541830047395e-01 4.215242186263317148e-01 6.412069943065733246e-02 2.476237180775989088e+00 1.632169651575716626e-02 -1.755109128074181235e-01 6.640998672859768703e+02 1.891439498222565962e+00 3.149823993253555443e-01
1.401424437115299515e-01 1.083132291570259031e+00 5.429380165853217033e-01 1.855878037430041538e-01 2.145214818151492953e-01 -6.377521405014046751e-04 4.850275625515438094e+01 -2.073639843724763843e+00 1.317200765189207701e+00
1.337334870456651781e-01 1.522066705297961953e+00 5.091991875305302839e-01 3.533173150459900658e-01 1.862269306873816088e-01 -9.338292224610699171e-04 1.042782382524949583e+02 3.417160103435656349e-01 4.095186472731522365e+00
2.183995913790489074e-01 7.793419413741517476e-02 1.722652009388100924e-01 2.374157695519870104e-01 9.218819440365584594e-02 4.869121752414055232e-04 4.661237084221563265e+01 4.037344696302948566e-01 1.349306432146721302e-01
4.668582912415532027e-01 3.105088568998479182e-02 2.094212566270068798e+00 2.843563509664986722e+00 7.574564310295796021e-01 2.893765963188039492e-04 1.559951861573211772e+03 4.101166963588934067e+00 9.899374035149358653e-01
1.484145443806306475e-01 9.348496072102413512e-01 5.603495397586291116e-01 9.140136910652203461e-01 2.324951802754088026e-01 -1.742578112048009161e-03 2.012866458871397981e+02 -1.059945710297309063e+01 9.520463056186141415e+00
1.348869411792252837e-01 1.821496243143272409e+00 4.965111879741388456e-01 6.739221171013940470e-01 1.735461631214939848e-01 7.157754072900937570e-03 2.236558447274219361e+02 -5.581833402530664845e-01 7.823135540175099933e+00
1.888598560691008843e-01 1.755042519354595987e-01 3.997226567125028440e-02 3.869442822220150902e+00 1.832841737210810784e-02 -8.232409939862954384e-03 9.454572926256755636e+02 3.979108085152898155e+00 1.687574724530231940e-01
2.351709855507093105e-01 2.708456180081779130e-01 4.749871427771504284e-02 5.136783667182996282e+00 1.705028768462185998e-02 9.480109163397423822e-02 1.332711881412324146e+03 9.479435374754357824e+00 6.121828072011368249e+00
1.485702940123985183e-01 8.717647164912549762e-01 5.709492075946911993e-02 6.967269330653774517e+00 2.556258262981166152e-02 -3.368404722358309122e-02 2.107176074783707008e+03 7.083754644285161106e+00 2.801501502553613854e-01
1.518727971716868352e-01 2.124770975009041829e-01 8.142229864967667208e-01 8.727291886376843166e+00 9.098463122677511450e-01 5.541447725630441765e-05 1.531836491033102220e+03 1.369851865639250832e+01 2.182402719011002468e+00
2.066281817659716413e-01 2.877652254389018727e-01 8.315785049564294873e-01 1.552738294023552790e+00 4.813121117054260933e-01 1.774210303562922354e-05 1.169734086293295405e+02 2.567555956244963511e+01 3.340292140436813639e+01
2.336441581409124946e-01 9.458158896920748626e-02 2.562559602214948828e-01 9.150927861530558260e+00 1.286881576682011308e-01 -1.825871797951336695e-02 1.665945247051251954e+03 5.452240179512054397e+01 4.237686788208280575e+01
1.306965395878639247e-01 1.616107852338125372e+00 5.076867575489809603e-01 6.266603783695117613e+00 1.822329963618239956e-01 -2.337574782775341670e-02 1.936210131962096511e+03 4.752987721175971209e-02 7.607934993734264140e+01
2.523937160065881091e-01 9.800195734854899587e-01 6.361450977273535035e-01 2.428160547855076623e-01 2.478892570096396519e-01 5.820980289696157121e-07 9.067173471811096306e+02 6.509973866605902604e-01 5.376587469951618070e-01
2.517747874131691654e-01 9.960604651732777315e-01 7.250003291558202445e-01 6.005210002647274337e-01 2.728706365107627096e-01 -3.924865433662020719e-05 2.199592522391022158e+03 2.913196911663687994e-01 2.350585368816734189e+00
2.495020511518129536e-01 8.904603611199322089e-01 8.150576114484748835e-01 1.147303230469383983e+00 3.145576600968589265e-01 3.260006000973746446e-03 4.125742559496840840e+03 -8.762904198325887961e+00 5.816792441675357139e+00
4.266282916504500200e-01 3.939108604256375656e+00 6.079482347710423173e-01 2.989107992413573278e-01 7.158778584483313501e-02 -1.573359410129312758e-03 5.825846215849612236e+03 -1.259978045031955096e+00 1.763534454401540774e+00
3.979438358059265712e-01 2.625858793869779995e-02 1.304218851127644241e+00 3.997719335309943389e+00 3.651844731326103766e-01 2.688236878224334065e-04 2.820790299409534327e+02 -4.943064102092505685e+00 1.490013161444634093e+01
1.300799002365221613e-01 1.552322980280671061e+00 5.127443865077792040e-01 2.740451259871461875e+00 1.909969875393240091e-01 7.049120571378064692e-02 8.676074534780941576e+02 -9.327971444436794712e+00 2.262658209653918107e+01
1.256924298772694182e-01 1.242021388242218194e+00 5.598036909343951928e-01 5.175361962071444388e+00 2.129024300228097022e-01 1.660571138667501210e-05 1.519243935686934492e+03 1.355319759531557366e+00 1.003503859713764967e+01
1.392435056467909438e-01 6.409443810422545129e-02 9.893355274950057510e-01 9.817375705079667281e-01 8.076600280505482621e-01 1.041819711133677162e-01 3.580732046143661478e+02 1.407193085099843533e+00 6.482813660444838311e-01
1.474877462986016741e-01 2.711424481306261569e-01 7.132361089552352595e-01 4.852986651278939689e+00 6.758689358566234429e-01 3.139743191424860516e-04 8.375769529177198365e+02 6.775620169312935204e+00 1.408078118449153759e+00
2.344031568519364672e-01 2.104601891960661497e+00 4.895261846550869045e-02 7.409810433660083184e+00 1.636362445513403485e-02 7.331362662463541957e-02 1.932414013993995013e+03 7.501422918499299541e+00 9.445344945161391337e+00
2.361715114634951873e-01 4.610204647469381967e-02 1.395798712901973604e-01 4.815265544640271678e+00 5.963994095964342962e-02 6.317702830835532762e-06 1.082179189404138697e+03 3.750449409589403649e-01 1.838784486706338228e+01
2.000613735885451439e-01 3.501991412925163250e+00 9.326311182599605898e-02 7.371293872754320908e-01 4.404674837636248647e-02 -2.916708533720684463e-03 4.599611199233927437e+02 7.523711424015733229e-01 3.133160695276242247e-02
1.295472870580980651e-01 1.515172935501214679e+00 5.220322244793970112e-01 4.584837010828718640e+00 1.901563006724776850e-01 -7.498552070853564677e-04 1.413292026130266322e+03 1.606050280493706683e+00 1.454068930471835941e+01
3.956087799959478457e-01 1.928594189466506167e-02 1.265144628698987361e+00 8.874960329695721128e+00 3.814932983134263766e-01 4.585702664643346860e-01 8.937912884441078631e+02 7.146610710447999892e+00 1.169761199162873844e+01
2.529126659620671846e-01 9.187165348935968368e-01 7.060286065317347148e-01 1.788963048437038683e+00 2.751234840971246154e-01 1.056508309128209632e-04 6.640979390353524650e+03 1.429064989265267904e+01 2.051930894279977480e+01
5.994533039766158922e-02 5.006072318179355385e-01 1.023882563528967449e+00 1.276709339319392011e+00 5.148240179514576020e-01 1.818252103433172758e-05 3.085263246911504780e+02 4.852280837497812693e-01 1.335130895052751399e+00
3.085632290869179672e-01 1.307307492704875007e-01 2.283266391859268829e-01 1.062035590712790079e+00 1.151787209688975300e-01 -8.076769063087289868e-03 3.525289446325039080e+03 3.646487976099233919e+00 6.468800415952263849e-01
2.354214814138554379e-01 7.635289960512783858e-02 2.015436377865928996e-01 2.116543195125971666e-01 9.177142532243470763e-02 -1.914952352501265737e-03 4.278869219037322580e+01 3.177511475590767964e-01 1.414770073905678327e+00
1.514476154940360142e-01 1.036743911239561555e+00 4.935969898886148899e-01 1.870730213725316782e-01 2.030617237237241635e-01 9.054381210757127493e-06 4.507211127353355096e+01 1.878382410157528049e-01 5.154509787744372407e-01
4.024859422341808823e-01 1.453805382749557423e-02 1.165082327715496024e+00 9.555849751522348612e+00 3.433072704300554334e-01 1.614122466393710237e-02 9.661249760444089816e+02 1.768873927463328144e+01 1.488316844007929873e+01
1.841506313459285171e-01 3.904816867070879027e+01 2.044376779791209631e-01 2.038352639884360329e+00 4.966292392631482117e-02 2.251947920791828317e-01 8.522628588039093529e+02 -1.258334298689693487e+00 4.542907106076185642e+00
2.518557778404467151e-01 2.395636291970161480e+00 5.959688606699713453e-01 1.708518908793614233e-01 1.718144842274129669e-01 -2.895359961160702493e-05 6.868004072960536632e+02 1.313792279430015419e+00 5.811350772748791194e-01
1.584583820813362520e-01 6.928934628792792205e-01 6.286241132280356858e-01 2.359286647825316052e-01 2.828106514245009029e-01 3.112477169809093865e-04 4.283089521673846178e+01 -1.199822956501092497e+00 1.210397458642465951e+00
1.935837034113186972e-01 1.668466690635356997e+01 1.713882866015927764e-01 3.624021003977968114e+00 4.267126794664929945e-02 -2.180051958461496908e-01 1.030189459133387345e+03 3.485150754912431204e+00 7.682130863713765301e-01
7.480762305307479820e-02 4.466045376599629968e-01 4.498680427258954229e-01 7.955774758924611945e+00 2.387772938347116902e-01 -1.120562355993146280e-03 1.984678950494543642e+03 8.848969534904178147e+00 2.257206265618119545e+00
1.267610125668661158e-01 9.147857248908601857e-01 5.709254020714759070e-01 1.309678258913835047e-01 2.260335502458781232e-01 -1.888972761105902200e-04 3.515031802990739607e+01 9.545325525041728487e-02 1.183813245355121446e-01
4.292490820340570390e-01 5.521593581478228402e-02 2.386839861648302474e-01 6.798920270090319518e-01 8.319472411152660507e-02 -1.925757507910347971e-02 1.513411347370313706e+03 5.176751889883391300e+00 1.958007512364289715e+00
7.992703137384453427e-02 5.659505272748819316e-01 3.565903246935913096e-01 3.969260096162865459e+00 1.834910881875052580e-01 3.883884442194516888e-03 1.140628681365120883e+03 4.361933236062018437e+00 8.124543846610441378e-01
1.800859030791295279e-01 4.333193010303551773e+01 3.040928368217740152e-01 3.541107531952484289e-01 5.026070848694835780e-02 -1.184316037168636065e-02 2.360480832293602020e+02 3.911389288490294547e-01 5.427853147858689997e-01
1.931997112000595762e-01 9.925182592656772718e-02 1.210658700673212795e-01 1.144385914549300765e+01 6.374391118911523768e-02 -5.701954480734745534e-01 1.823103014995517697e+03 1.390716527224178023e+01 2.155072388262059491e+00
1.143036421075703135e+00 2.505753721943110301e-01 2.075549832159277130e+00 2.422181267772632651e+00 6.635947903344392440e-01 3.838462141892111916e-05 2.222994871296327801e+01 3.883753735093399939e+00 1.212352562226780561e+00
7.948075200104980087e-02 4.453087776029306943e-01 3.822273553637590138e-01 9.096880872363323212e-01 2.038905596219689476e-01 -1.570539277467839639e-03 2.757415852084465087e+02 1.000682268589745405e+00 2.040173661052564758e-01
2.526000506347477192e-01 8.982883856219094909e-01 7.233704365824085158e-01 4.644304226554183540e-02 2.832182587029659082e-01 4.706891363839950458e-05 1.719420313303148191e+02 1.210470680550889550e-02 7.822250887198067826e-01
7.100837783354911614e-02 5.358858027192230089e-02 4.071924433565263235e-01 2.606045124584841499e-01 2.903435117369025376e-01 -3.790379711542464405e-06 5.385169493737821256e+01 2.973109560925190076e-01 7.231713432655062501e-02
1.031468874973758137e-01 6.536887572058666107e-01 8.496415860097268347e-01 9.537301915093144844e-01 3.724856521911735774e-01 -6.696967782740204100e-03 2.524757714067315248e+02 -4.131509587189816646e-01 1.300000106000537059e+00
2.678052144100148690e-01 2.142938924618947305e-01 2.371574655582386337e-01 7.290880068792167101e-01 1.262941288254745276e-01 3.686096049899598668e-06 2.734856597304025399e+03 2.242874131843903385e+00 3.880088304773310348e-01
7.309743087082305746e-02 2.301758900789768053e-02 1.945383038734196379e-01 4.993718549092354131e-01 1.319081644813181464e-01 -2.242668691296229098e-04 1.464921579803216218e+02 5.368172283365439945e-01 6.349858720048565108e-02
2.981436876944608683e-01 6.140793089895963952e-01 4.897972945415122181e-01 8.757116663747295249e-01 2.178575870561416661e-01 -2.940108094686939150e-02 3.209541399673554224e+03 5.746799973478712964e+00 1.363994717591882733e+00
6.043533403580797492e-02 4.730854214931800028e-01 8.697966990360268547e-01 6.327115949398677941e+00 4.400043160315326163e-01 -1.250835143250534909e-01 1.370133692192821400e+03 5.589605997553471539e+00 4.535499488081828900e+00
1.475686446547493369e-01 5.477169776802701673e-01 1.226859007836624160e+00 1.277084078789552768e+00 8.106247945535205446e-01 -1.546841849383269528e-04 2.891536838113003114e+02 1.571837606699347134e+00 1.008194261674443259e+00
2.870328846154279190e-01 7.549757139059327660e-01 8.956725877998614749e-01 4.314495854247040185e+00 4.993034328905558983e-01 6.177744430656691698e-06 6.834486884852583444e+02 2.992038667372352023e-01 1.104449324916780029e+02
1.939218231959864425e-01 3.019770545791413685e-01 7.449787959551104066e-01 1.275375901911450782e+00 4.231197853605696002e-01 1.416444272677062563e-03 1.092919168008232305e+02 2.560669166410326625e+01 2.132484549587685763e+01
1.735732846827046094e-01 2.629277143949824591e+00 3.079997032850050331e-01 5.754222358673784044e+01 7.702212944531622307e-02 -1.927015036846913176e+01 9.620179072759998235e+03 1.819507463493597186e+02 4.468354317563108680e+01
2.359097163261549279e-01 3.425144175708980110e-01 5.268775390766852751e-02 5.687221056029985178e-01 2.464324271189661728e-02 -2.460762039733450229e-02 2.470396274212720982e+03 7.037938004271413472e-01 4.664045738772388400e-02
6.353599378644358975e-02 4.250815159554868772e-01 7.349427851386817201e-01 2.367626869646594634e-01 3.859574550089915346e-01 -2.104785414805305198e-03 5.020752157606250421e+01 2.441567193151197579e-01 1.316163432839465020e-01
1.961777295295453749e-01 2.839028093318917811e+00 1.976578360708343696e-01 1.738764194968493548e+00 5.446842651575264926e-02 -3.059508929478578498e-02 5.017028068624900357e+02 1.524291550105312698e+00 4.845749412588423732e-01
8.321373365143076850e-02 5.621903734200650593e-01 7.867188555480117973e-01 9.951638988398454622e-01 3.819759459233557641e-01 5.511017494573082140e-03 2.568788651166210002e+02 8.437347202656894085e-01 7.325358726059912895e-01
4.443629657565872360e-01 1.842820201185658979e-02 1.552024644919387963e+00 3.028954071467433451e+00 3.113861772542076967e-01 9.160042731383054998e-03 3.313618964478029056e+02 3.533086176511836207e+00 7.056553800996125947e-01
2.056138803321719832e-01 2.483077014375039554e-02 1.806898231631478557e-01 6.558844686031131133e+00 1.156207558583429162e-01 1.207818167274847532e-01 9.278465753775091116e+02 1.524905624748357091e+01 3.312029865780747429e+00
8.541759424602540784e-02 2.701099713344974011e-03 5.371011410653182827e-02 8.955785097382665816e-01 3.299546399416163067e-02 -4.291109860294255521e-03 3.559949349009660864e+02 9.095902998999709776e-01 2.751284407252860276e-02
6.139414166952657237e-02 5.180317672146688146e-01 1.112980757819216571e+00 6.793936971912120093e+00 5.500840838169753777e-01 2.236493156501347460e-04 1.750289853533266069e+03 -2.006564973445040145e+00 8.821886457132970705e+00
1.381714761648355216e-01 1.710271454487592546e+00 6.856279719539146722e-01 1.085866086044116052e+00 2.177478240377052621e-01 3.818786591384304061e-04 6.375294274625307480e+02 9.305020336838409900e-01 7.604295828996656681e-01
1.244861778000198316e-01 1.121946453320597836e+00 5.791810294587902419e-01 5.501201930956017172e+00 2.263856390284803843e-01 4.740856813368830858e-02 1.590347596460688010e+03 1.175835639086052709e+00 9.270153097582495505e+00
2.494517890455814624e-01 1.070131842948400802e+00 7.584299102067544318e-01 3.022303554656647906e-01 2.751590698015136116e-01 -4.052717133266503687e-04 1.073783933639448151e+03 4.240858459255958390e-02 7.190893795195432148e-01
3.674864890413840346e-01 6.124341059578906898e-02 1.437332211448134334e-01 2.218942321459804745e+00 5.612664841331828358e-02 -1.444504296909318575e-04 5.370054605000617812e+03 2.607341779328145481e+00 4.940373246874217861e-01
8.649173981972398118e-02 5.499932671457570532e-02 3.808377060888919197e-02 6.941320565583810165e+00 2.158072960561783701e-02 -8.744086493382157593e-05 2.875050316446246143e+03 7.034770402666720379e+00 1.389305497004684753e-01
1.347162016853430400e-01 3.087747783014298975e+00 4.133546076502413458e-01 1.511349591873650589e+00 1.346608261035693865e-01 -2.320814477858611008e-04 5.187009341464528234e+02 3.480951090833051875e+00 2.159246584701016936e+00
1.104027769515289609e-01 5.214818299471698712e-03 5.546922114266885501e-02 5.860621966835667607e+00 3.052072449817799446e-02 -2.457131852915615533e-01 1.694834726353734823e+03 5.758718523969791114e+00 2.284629206858457828e-01
2.515481221546110868e-01 2.312939614763943830e+00 5.767554360389588464e-01 1.381554972882710342e-01 1.713266364813961218e-01 -2.050041198964750225e-04 5.559508063970429248e+02 4.706107038042426360e-01 2.686366380691492806e-01
6.943720132608899309e-02 4.036205726829310558e-01 6.278552247848989687e-01 8.418799504231518682e+00 3.413450265249809989e-01 -4.122835050503997900e-02 2.183881174021622428e+03 9.212599626030502975e+00 3.580113795649435993e+00
3.732413529309946965e-01 1.946876867194019534e-02 1.625625140435385640e+00 5.257135617425983121e+00 3.541371944240020997e-01 8.548299178226953317e-06 8.280577016734065410e+02 -4.423724930165295000e+00 6.775768152014040702e+00
7.885439475657046726e-02 7.443820741995689494e-02 4.899673706339470192e-01 6.821139132944997741e-01 3.461856240878420921e-01 7.657160724495640875e-06 1.278674863894227371e+02 7.898117651619500634e-01 2.250337205455268663e-01
4.399064183758830127e-01 3.221679172410752551e-02 2.535009651623665317e-01 3.016259498115173576e-01 9.525996214710855114e-02 2.182480610183232218e-04 6.603935196147169790e+02 2.996576979820448017e+00 1.590183635700895159e+00
9.159525693199853380e-02 6.492366280257060307e-01 8.151633452010895731e-01 7.310038892543007094e-01 3.714611359684061864e-01 -5.655947952203713158e-04 1.939969190147392055e+02 4.831674711383436849e-01 6.398761047223318066e-01
7.997570051687270809e-02 5.806823645216958596e-01 4.892664170163136816e-01 9.698416873795277837e+00 2.457308203705055316e-01 1.133182997466016841e-03 2.959587834093381389e+03 1.071946997026424953e+01 2.882636053144391752e+00
1.148344355081660773e-01 8.973032184873286354e-01 6.390844653492406824e-01 1.742075079746939981e+00 2.642486760006911295e-01 1.636544208755838330e-03 4.695579927095552648e+02 9.936453202137009999e-01 1.955074182795150106e+00
2.653453694677588848e-01 7.949750819318838688e-04 1.364330725708245429e-01 1.244102178400070313e+00 9.307384476654413652e-02 -3.621376271041665609e-04 5.772953548976562161e+03 2.951573046618054974e+00 4.129010684196072756e-01
1.427872217193030258e-01 1.235292127616691937e+00 5.246027551023939584e-01 4.828131123648405243e+00 1.952036348845703206e-01 -1.925511917839675680e-01 1.184314555195743196e+03 2.085079575737898949e+01 6.088126038434393195e+01
2.380081147248118700e-01 6.898591763878370031e-02 7.824034342197867808e-02 2.418528218179663292e-01 4.069466869902952505e-02 -6.005360552213878037e-05 1.085818856676632549e+03 3.679329198806537971e-01 3.399944208780574656e-02
4.682824584970833870e-01 1.827589024382244437e-02 8.107912651509474600e-01 2.384148097467583827e-01 3.485318594294022354e-01 1.036801276648168521e-04 1.982359046532420876e+01 3.456995092495644961e-01 4.763824939914494294e+00
2.448522650139380863e-01 1.313273842834081773e+00 1.969912855485812520e-01 2.275291814460018158e-01 1.087616015847779616e-01 6.098963219312537876e-02 1.220706915649365783e+03 6.609317756289347923e-01 1.044366055351299283e-01
1.167360925661961174e-01 2.708736217709318828e-01 1.196788060312941271e+00 7.491810829430298746e-01 7.405048162807786882e-01 1.230536845838897584e-05 8.145757946674822847e+01 8.364057058510623310e-01 6.001154855143372435e-01
2.357123239906472878e-01 1.835314797169316364e-02 7.112203004638167902e-02 2.904555079451740518e+00 2.855087495429462635e-02 -1.705495550711904479e-03 7.088349969185643431e+02 6.202392141900363143e+00 3.420935177154472040e+00
2.542404620849578190e-01 9.414624262899109475e-01 5.771754310145265077e-01 2.880944254206675437e-01 2.312420788346793432e-01 3.426646147857837853e-06 1.097808775407173471e+03 2.497220835262078609e+00 8.429168155986115352e-01
1.267888719808872022e-01 9.209798237248374431e-01 2.760092290693592632e-01 1.035209310828880547e+01 1.175350536060588286e-01 -5.722629175474346075e-02 2.677169192288351951e+03 1.109599123207309290e+01 2.218753450718792930e+00
4.371552100946011765e-01 4.591560539812348379e-02 2.107904413946917743e-01 3.343430135657872171e-01 6.663527685747958063e-02 2.726188351171875726e-05 6.702883910451871543e+02 -1.300996057057892230e+00 2.234965627312094583e+00
1.727449305288411563e-01 4.425726463445418535e-01 6.699710815020266663e-01 2.415567669302249032e-01 3.428242982468721056e-01 2.441728705392709519e-04 2.992305552853444794e+01 -4.063663729874488872e+00 3.024268188700135251e+00
1.728122583476999763e-01 7.302536505661096911e-01 4.425859219537747746e-01 5.280382780892992622e-01 2.027104044666387939e-01 3.899880470217215051e-06 8.780266269026662940e+01 1.376066629636113259e+00 8.524115978148466555e-01
2.864751361954951947e-01 4.245151761991407258e-02 2.098845114137886381e-01 9.866563995836609147e-01 1.341572532502243731e-01 -4.588744242509786248e-05 1.989532059216593552e+03 1.126595473924493440e+00 1.847602089183105478e-01
5.996083402098143500e-01 1.781388347277888112e-02 2.169828168047639672e+00 2.390219705554435858e+00 2.746991463611864193e-01 1.162163643784204792e-05 4.507343193551231479e+02 3.042629196423168736e+01 3.100173784055044024e+01
2.614564433583937419e-01 1.074980429437025542e+00 7.907602626800320778e-01 1.461145388424944791e+00 3.783685842034432700e-01 2.597143552138507183e-05 3.895382951244761784e+02 -4.224385588777177958e+00 3.080365343061524541e+01
1.392362977703898164e-01 6.853162936959406260e+00 3.675816014973095069e-01 8.450071331710844902e+00 1.026949380648136401e-01 -1.106746243726581258e-01 3.418317928078536170e+03 1.413185119012219815e+01 6.018799099341178405e+00
2.425532093906219155e-01 6.917072119394556129e-01 1.673406098752271975e-01 5.388820893996844053e-01 7.878508873802071710e-02 -6.734150592890351234e-05 2.276167201558363558e+03 1.016709028946628512e+00 1.564498017126884910e-01
2.479044575328051558e-01 1.566679085479004765e-02 2.277391538125008164e-01 7.262112354988525809e+00 1.318108607918232478e-01 5.303872182691779689e-06 1.325325073352827076e+03 2.417399519720439116e+01 1.530601525704843446e+01
2.414571218276860276e-01 1.527605941244293553e-02 1.493967693293771770e-01 7.917254331821503399e+00 6.947538720091273046e-02 4.672956369149093469e-06 1.741394014506238364e+03 5.022836421832266307e-01 4.081608818263591587e+01
2.528213015029732724e-01 9.413200213866315114e-01 7.050169505172786399e-01 2.150578055113812337e-01 2.726511422793813089e-01 1.836680005275249136e-04 7.986937142607177975e+02 1.211035477714400788e+00 2.105086726615646775e+00
4.772834870587594480e-01 1.135995487674692495e+00 4.996199444359664676e-01 6.264120071148354674e-02 2.638146925558919453e-08 6.509673654320677830e-07 1.789213770171510077e+03 -2.840678636551882130e-01 2.405740268599537712e-01
8.467728523304214605e-02 5.077421466964771035e-02 9.406084826959829059e-02 2.991562031252094300e+00 4.798804549810232328e-02 -4.355801545194491475e-01 9.326517605367386068e+02 2.644125640245436060e+00 1.357778023158558445e-01
6.667975605355257185e-02 4.122434921543992048e-01 6.057313550786462830e-01 3.080958875561846444e+00 3.264845567644987234e-01 5.588667251680465547e-05 7.480485026438487921e+02 3.390500472585624259e+00 1.278291882842884641e+00
8.874221505714148528e-02 9.990394144019530687e-02 6.182046028094981827e-01 3.207954705473712309e-01 4.381078337115010823e-01 3.671903586964235695e-03 5.557441509715818739e+01 3.823502042079220953e-01 1.325115964458478401e-01
2.183026303933218726e-01 8.057520678122606639e-02 2.150625791595816017e-01 2.388841619754160372e-01 1.304496880641565493e-01 9.867859401560931734e-03 4.402387265878923728e+01 7.114037718584589332e-01 2.322180015043583123e-01
5.816845873494699837e-02 1.074988579331394023e-01 3.743702723224953122e-01 1.880115394031096621e-01 2.447794713440537562e-01 2.580822307712928899e-04 4.137931303227844637e+01 2.113471403644834323e-01 4.679992784426309504e-02
2.386003207988761643e-01 2.319358903364968083e-01 1.489243156461033668e-01 1.700362112303512863e+00 7.986311069863033518e-02 4.318827629735097484e-02 6.911097657334303221e+03 2.186657812790670619e+00 3.088826418788600536e-01
1.464974044935540287e-01 4.411082093022639788e-02 3.770573105824953641e-01 4.550886750250899837e+00 3.429929036713451063e-01 2.325518497062618269e-06 1.001022091167416420e+03 5.410492509587839116e+00 9.596768167929193849e-01
1.125395044975426445e-01 4.406934185986296354e-02 1.534233341268126605e+00 2.097794589865095816e+00 1.017761043797406284e+00 -2.545544354532954000e-05 2.048049571501510400e+03 3.446540454007879895e+00 8.363428158138075386e-01
1.761949221296710832e-01 1.162060614547044501e+01 2.228589075134513875e-01 4.091466848890458863e+00 5.714060852615943098e-02 -9.531310459813979730e-01 8.773349196484148251e+02 8.297612615062664787e+00 1.754783937803171767e+00
6.411191553535872112e-02 5.313382795804568737e-01 1.294600530314625964e+00 8.040693354883696742e+00 6.337985585669518862e-01 9.083183007019279137e-03 2.335457830267999725e+03 -5.975226965951468117e+01 1.661490095241600784e+01
2.011914799074509541e-01 1.391528795833259502e-01 1.969636703627718477e-01 5.419435098581375065e+00 1.115384327453669555e-01 5.210111032520722829e-02 7.826975550525651215e+02 1.702447441611583301e+01 3.198319732491520462e+00
2.534676723668735088e-01 1.085522431650054465e+00 6.299348781752649451e-01 1.827528109492052022e-01 2.373550378418382567e-01 2.056982740731955162e-04 6.933134312900508576e+02 1.527616978554288796e+00 7.968433048642539207e-01
2.350571166821756042e-01 2.227606388974588736e+00 4.076862495451479690e-02 2.046131496479059175e-01 1.361817715123920039e-02 3.519753595284426113e-06 5.291238222818530801e+01 2.838002446680717439e-01 1.682693840212128866e-01
2.164577921725927001e-01 1.113028743055251638e-02 4.385463295569164144e-02 1.800036582058272661e+00 2.413999524684082298e-02 -6.674017591715960054e-03 6.941513996328319081e+03 1.878049941233923548e+00 7.283030703488359292e-02
1.470618719919309370e-01 5.216150545431272878e-01 1.104849200685260602e+00 6.387838417577801353e-01 7.727958241863290834e-01 1.363642547452710856e-04 1.325115497578709665e+02 8.598727722896374326e-01 3.981910514334219275e-01
1.524815462948609368e-01 4.950200982483105028e-02 6.018693232309531016e-01 8.051851444529521729e+00 7.860129509344716547e-01 5.507528414626181729e-03 1.846045376153340840e+03 1.189510270646403356e+01 1.531385843697971705e+00
1.523363502678944381e-01 6.327005738450433014e-01 1.304525655380506688e+00 5.309285699471109510e+00 6.838821045682101918e-01 -4.006306804845312652e-01 1.022114902643613959e+03 4.837566667568134804e+00 4.817021882412643841e+00
4.058162751474339580e-01 3.931424234091801528e-02 1.274549167734668753e+00 8.820170852366157277e+00 4.018732839553575964e-01 1.864866932283144093e-05 4.318828353227573871e+02 2.130119628076332816e+01 2.564200131292857066e+01
2.532912127158701843e-01 2.840861572106524735e-02 2.703185845640515561e-01 9.633099338456362071e-02 1.498280452866041224e-01 1.710545606902209289e-05 1.683777098748130285e+01 2.309046031941542620e-01 9.878196951343785059e-01
2.221626839052712743e-01 4.972752067620077598e-01 1.488582069665755903e-01 2.640232633358079894e+00 7.199193424413788400e-02 7.199657628464162240e-01 7.864861593128782715e+02 9.285260538131574037e+00 1.346276866861308008e+01
