6.523573071779094068e-01
6.558369747658611137e-01
6.582964910297725014e-01
6.609095784607433854e-01
6.648366567585780595e-01
6.698003830666682257e-01
6.728942812533462714e-01
6.739714552392217506e-01
6.767628173692953331e-01
6.816813579984258853e-01
6.859223209120393072e-01
6.885734168474009209e-01
6.901360998366723454e-01
6.916315506072728825e-01
6.941131839875296361e-01
6.976093321150472759e-01
7.018671099634110622e-01
7.068025624632350290e-01
7.125134895876144014e-01
7.194307985140656614e-01
7.271806848946626989e-01
7.340285752714005296e-01
7.398456650015178271e-01
7.464476499275066734e-01
7.541879190496091345e-01
7.621280737176741038e-01
7.695207864349600246e-01
7.758948396014959670e-01
7.817166571172520229e-01
7.876789115613610504e-01
7.937718002887576008e-01
7.998283003024562188e-01
8.058017553065575100e-01
8.117665580273544235e-01
8.179911755517685901e-01
8.241915919094924270e-01
8.292973235733364090e-01
8.336242428294986517e-01
8.388748242287916712e-01
8.451259096456854580e-01
8.513117401742538171e-01
8.572678893972677239e-01
8.632659407124487760e-01
8.693152238894249484e-01
8.753483796570329378e-01
8.813707893307570762e-01
8.873983570219503569e-01
8.934279947688433809e-01
8.994561387005024500e-01
9.054840212213784989e-01
9.115122821325967184e-01
9.175401947644266087e-01
9.235682691187034887e-01
9.295978483725692021e-01
9.356257398740021047e-01
9.416482221231875505e-01
9.476799703163946154e-01
9.537296222138168522e-01
9.597335518376587382e-01
9.656855998028791577e-01
9.718487606863591699e-01
9.781254207464297190e-01
9.834674000953925743e-01
9.878045714118065534e-01
9.928212469798697315e-01
9.989832339761800517e-01
1.005224903681679383e+00
1.011197825459663857e+00
1.017181763351434842e+00
1.023227928968638123e+00
1.029259311814052502e+00
1.035286521598101528e+00
1.041334495761647050e+00
1.047335640557896852e+00
1.053290300759422315e+00
1.059470069578177132e+00
1.065730209970654485e+00
1.071003132129774160e+00
1.075328810383000766e+00
1.080426548530526221e+00
1.086622681912928545e+00
1.092777220433407415e+00
1.098750339387376540e+00
1.105030093984486816e+00
1.110930587860781138e+00
1.115540885031955032e+00
1.120058233207727127e+00
1.125851850578338365e+00
1.132156821867886132e+00
1.138162872708917472e+00
1.144236946961312507e+00
1.150420725527349086e+00
1.155858633263789459e+00
1.160319009816806801e+00
1.164474204510049349e+00
1.169000370315841808e+00
1.174460415417927228e+00
1.180679862619271603e+00
1.187019998020007794e+00
1.192853283737472125e+00
1.197717819948985518e+00
1.201918185765669334e+00
1.206096539863903416e+00
1.211235232916732185e+00
1.217480604162533897e+00
1.222961866446716117e+00
1.227233430148256366e+00
1.232456439840644569e+00
1.238749402897842300e+00
1.243862159221557517e+00
1.248146517814489709e+00
1.253802322251549084e+00
1.259993784081985924e+00
1.264684138998227736e+00
1.269160525877282897e+00
1.275192770014170085e+00
1.281102874973637284e+00
1.285486241675652064e+00
1.290327331020875379e+00
1.296587424182513715e+00
1.302049534645767448e+00
1.306278542706182932e+00
1.311715524397665922e+00
1.318055519440524792e+00
1.322328369189800679e+00
1.324927803169991369e+00
1.328443678015862828e+00
1.333462943655535859e+00
1.339473349949224623e+00
1.345472668143281147e+00
1.350491389442538104e+00
1.354283877896098165e+00
1.357173418744819671e+00
1.360483912407974172e+00
1.364949033842963955e+00
1.369995257441191994e+00
1.374664585071682987e+00
1.377813787436582560e+00
1.380607346881095765e+00
1.385858922858414388e+00
1.392212925688347314e+00
1.396270498285519857e+00
1.398698795096124492e+00
1.401511585957897710e+00
1.404709141395135363e+00
1.407805640702830985e+00
1.410672542041220279e+00
1.413507435077646868e+00
1.417058482939159925e+00
1.421584326529629960e+00
1.426476526919127075e+00
1.431048163395932660e+00
1.434662624314344992e+00
1.437519381771569682e+00
1.440398015097417161e+00
1.443470057242703719e+00
1.446566268334484651e+00
1.449514100708432673e+00
1.452308795350006898e+00
1.455635166616762621e+00
1.459992235077146372e+00
1.464865320187418440e+00
1.469564254052737828e+00
1.473413402556108087e+00
1.476363835763929266e+00
1.479194194771872972e+00
1.482238500105306667e+00
1.485343654935435076e+00
1.488338000022387364e+00
1.491130620039118337e+00
1.494269372601996437e+00
1.498419512606453452e+00
1.503246315455658122e+00
1.508062748411691523e+00
1.512106177624361836e+00
1.515117832756601501e+00
1.518098795703111126e+00
1.521320677332727467e+00
1.523537358015798482e+00
1.524838555677029861e+00
1.527003967345897051e+00
1.530220385763714441e+00
1.533334026490373203e+00
1.536302771599083794e+00
1.539595847768240322e+00
1.542401552989363545e+00
1.543874593791885852e+00
1.545512180791079215e+00
1.548568638040314971e+00
1.551448911712556500e+00
1.553005157603728259e+00
1.554220888003775558e+00
1.555745657295408702e+00
1.557321929966154705e+00
1.558817501736102340e+00
1.560308976188854668e+00
1.561820474216215393e+00
1.563330794957509040e+00
1.564836383856782920e+00
1.566342784809792166e+00
1.567850264924388171e+00
1.569357451942766657e+00
1.570864319458670000e+00
1.572371216319330411e+00
1.573878586753806541e+00
1.575386034245038092e+00
1.576891653767420687e+00
1.578397653913180543e+00
1.579910991912442109e+00
1.581419645447984079e+00
1.582900202969434345e+00
1.584411718654736179e+00
1.586024633430147990e+00
1.587468457428407476e+00
1.588574177018774902e+00
1.590518245045021262e+00
1.593949116260731547e+00
1.596182124126001689e+00
1.595877561735961958e+00
1.596579387359487567e+00
1.599817694770963916e+00
1.602671202994015998e+00
1.604007011735872235e+00
1.605223491417292259e+00
1.606802894266965653e+00
1.608372858864669741e+00
1.609855218938877730e+00
1.611347801395595747e+00
1.612863851987618169e+00
1.614380859942944779e+00
1.615875752718949787e+00
1.617355457648474326e+00
1.618917126892805536e+00
1.620509907689743123e+00
1.621753978644594030e+00
1.623025734818643873e+00
1.625771784808377252e+00
1.629102361922835751e+00
1.629929898390982901e+00
1.629559255723449063e+00
1.631944903474125352e+00
1.635231150879304485e+00
1.635596991663257338e+00
1.635466727937392895e+00
1.638125841105050329e+00
1.641475036005812127e+00
1.643237585685962454e+00
1.644131909267754432e+00
1.645352657642499716e+00
1.648022105847631424e+00
1.651405250111125378e+00
1.652559197498863597e+00
1.652139654210544872e+00
1.653886093541548030e+00
1.657357560569493238e+00
1.659682867781926863e+00
1.660746934733144498e+00
1.661716528820763150e+00
1.663791072583868047e+00
1.667272063504682045e+00
1.669404717938480776e+00
1.669004190805501109e+00
1.669966914409409364e+00
1.673459038389226938e+00
1.675208762722846023e+00
1.674720482898498508e+00
1.676135839431079910e+00
1.679605119518838841e+00
1.682093482998275658e+00
1.683213096239604800e+00
1.684148760560902680e+00
1.686080218576927470e+00
1.689493615614281463e+00
1.691899758802583476e+00
1.691685679687219723e+00
1.692189810411365070e+00
1.695325070819050595e+00
1.698298590282600662e+00
1.699703463977138229e+00
1.700890315264063535e+00
1.702455266594942840e+00
1.704035420647719512e+00
1.705520519859912598e+00
1.707005344484751719e+00
1.708523077652400746e+00
1.710061243084397331e+00
1.711538659225860348e+00
1.712942934152013041e+00
1.714610963598019122e+00
1.716460810927313174e+00
1.717137088597123107e+00
1.716715743650899961e+00
1.718114487775314725e+00
1.721524715618661716e+00
1.723468294660571498e+00
1.723107950947628586e+00
1.722184109579648847e+00
1.722444212810448017e+00
1.725138366000360524e+00
1.728275199770118009e+00
1.729124000314892440e+00
1.728346475485813549e+00
1.727664853970372505e+00
1.728884674374111308e+00
1.732239464422092423e+00
1.734417671875140288e+00
1.734192864743411278e+00
1.734329207709771170e+00
1.735981269812064465e+00
1.738108617791328525e+00
1.739555441236537270e+00
1.739435915663953391e+00
1.739468237744019596e+00
1.742106166339419948e+00
1.745275344272680051e+00
1.746029831474253058e+00
1.745200521934282323e+00
1.744587548897929663e+00
1.745891434473920256e+00
1.749200910665052788e+00
1.751489237060422255e+00
1.751411164027142586e+00
1.750479181309470667e+00
1.750417219779789146e+00
1.752728159658806018e+00
1.756031358690269162e+00
1.757310722333628172e+00
1.756687725082918039e+00
1.755864749979131556e+00
1.756642658380850319e+00
1.759824627226699079e+00
1.762440207898937183e+00
1.762456488420429235e+00
1.762349093033969805e+00
1.763807627526920330e+00
1.765935882070658325e+00
1.767578049480380997e+00
1.767699777609307965e+00
1.767485996845372886e+00
1.769689922176982178e+00
1.773037972544279084e+00
1.774232599348158024e+00
1.773541675277540586e+00
1.772770951647434368e+00
1.773643497372718869e+00
1.776793968875920005e+00
1.779465047655518495e+00
1.779700017476310236e+00
1.778791078900551437e+00
1.778462154322586697e+00
1.780349263398228743e+00
1.783719422050709769e+00
1.785442866738616408e+00
1.785022988084790319e+00
1.784109669995005643e+00
1.784490421540431582e+00
1.787395329155461843e+00
1.790369507477509003e+00
1.790710095078238639e+00
1.790423712774421361e+00
1.791680157939549600e+00
1.793723754215796440e+00
1.795453820689067115e+00
1.796104481698713951e+00
1.795930707104068658e+00
1.796468533415426228e+00
1.798123653920963294e+00
1.800112987518170060e+00
1.801517816731296628e+00
1.801603412528215653e+00
1.801583756314929730e+00
1.803034450799457344e+00
1.804495851783615823e+00
1.804432651090701611e+00
1.804625155543961412e+00
1.806285392987057925e+00
1.807448436611692522e+00
1.807275794922214684e+00
1.807615084229280189e+00
1.809219486025441359e+00
1.811213559853563027e+00
1.812696754515423558e+00
1.812971579158748625e+00
1.812852439264069471e+00
1.813816724244623702e+00
1.815646523576015525e+00
1.817458558482266007e+00
1.818612248307154733e+00
1.818792266271746394e+00
1.818476503614923967e+00
1.818296562436328312e+00
1.818875333940209726e+00
1.820381549808545829e+00
1.822296250367220427e+00
1.823868588427323800e+00
1.824262147302377901e+00
1.824104910805856905e+00
1.824954943660916928e+00
1.826749642777257154e+00
1.828591688773844925e+00
1.829822095910303537e+00
1.830072494640209380e+00
1.829774238132574782e+00
1.829558574886505085e+00
1.830053171402526102e+00
1.831498552616639630e+00
1.833403228591979239e+00
1.835040074146645717e+00
1.835541219922999456e+00
1.835364531932566212e+00
1.836101855647877201e+00
1.837852886703498445e+00
1.839719992526984704e+00
1.841023747145777989e+00
1.841348994006131390e+00
1.841072530204334257e+00
1.840825470884134951e+00
1.841238403323089301e+00
1.842619369249962835e+00
1.844507784317851007e+00
1.846201151928193118e+00
1.846818597298595099e+00
1.846637932332905851e+00
1.847239140645118072e+00
1.848937443539733660e+00
1.850921458094524574e+00
1.852263807999628309e+00
1.852289162352215746e+00
1.852327314184123441e+00
1.853843341149429502e+00
1.855232977510185899e+00
1.855117471830057596e+00
1.855393927129231679e+00
1.857090344623168798e+00
1.858165275616176393e+00
1.857966655370117959e+00
1.858382331103012541e+00
1.860034189852123321e+00
1.862022330065995934e+00
1.863451968519898694e+00
1.863663689657665934e+00
1.863573219426011285e+00
1.864609331355878252e+00
1.866460000290184107e+00
1.868250209057624511e+00
1.869350523834487854e+00
1.869486020051764674e+00
1.869161163179011043e+00
1.869007527917454281e+00
1.869643286508499092e+00
1.871187825834284890e+00
1.873106286929680175e+00
1.874631897776090517e+00
1.874956389909305798e+00
1.874819068369627084e+00
1.875743412487818951e+00
1.877563501599541551e+00
1.879386392671430039e+00
1.880565707724995761e+00
1.880768634626986957e+00
1.880458303403551357e+00
1.880265962553789194e+00
1.880816447180588380e+00
1.882302832813714799e+00
1.884214774808873782e+00
1.885809358832601923e+00
1.886238306238987583e+00
1.886073196850795775e+00
1.886885768203996783e+00
1.888666654756985697e+00
1.890517543889829399e+00
1.891772852870813315e+00
1.892047764742790239e+00
1.891756240058895866e+00
1.891529531303119516e+00
1.891996810033869325e+00
1.893421423923359104e+00
1.895320335963631919e+00
1.896976100784919739e+00
1.897519708143423633e+00
1.897341347943887424e+00
1.898016436097471171e+00
1.899753374787821913e+00
1.901727135741937191e+00
1.903004562155331536e+00
1.902974677971523532e+00
1.903077727083781978e+00
1.904653810051963436e+00
1.905962318101095843e+00
1.905795743573516221e+00
1.906176654933450454e+00
1.907921745885883480e+00
1.908830271823688918e+00
1.908562329058724583e+00
1.909390247835891730e+00
1.911151080440156580e+00
1.911604596171117887e+00
1.911408754729372772e+00
1.912668491703144458e+00
1.914273245390761380e+00
1.914356857095152353e+00
1.914377017005777004e+00
1.915873472884135120e+00
1.917329543713753637e+00
1.917468543414420745e+00
1.916971849364155878e+00
1.916785054946811284e+00
1.917798654133857639e+00
1.919519933909497045e+00
1.920065148748649975e+00
1.919848678226269589e+00
1.920893643408600582e+00
1.922597406450133439e+00
1.923172746837986891e+00
1.922790115286315160e+00
1.922388398628078088e+00
1.922914091669157610e+00
1.924608598157414807e+00
1.925697239673445971e+00
1.925475318447763762e+00
1.926028202429655112e+00
1.927792951711803759e+00
1.928555429757015771e+00
1.928301536655529169e+00
1.929195016093218307e+00
1.930929157308997723e+00
1.931626927134740601e+00
1.931287056739554364e+00
1.930849844221444123e+00
1.931262151597450627e+00
1.932910777504169841e+00
1.934125917266162231e+00
1.933947410380364440e+00
1.934359889705844271e+00
1.936102809383784651e+00
1.937010793138574494e+00
1.936756041174555909e+00
1.937510092474652668e+00
1.939253085031404256e+00
1.940071401577253107e+00
1.939783017145166655e+00
1.939319460490057656e+00
1.939622502853858288e+00
1.941202819672264601e+00
1.942543378201933679e+00
1.942451185447841455e+00
1.942682414033891858e+00
1.944303627022843317e+00
1.945590218560818263e+00
1.945583272524568530e+00
1.945074978854141046e+00
1.945006463810184494e+00
1.946209768537698670e+00
1.947872553379563998e+00
1.948198998724129938e+00
1.948056465611910815e+00
1.949309288003443941e+00
1.950938532511428791e+00
1.951324452022767497e+00
1.950882332971185518e+00
1.950553536478778716e+00
1.951277622571095938e+00
1.953015032076901969e+00
1.953877816757088270e+00
1.953622221211261278e+00
1.954417113825033470e+00
1.956178557965511322e+00
1.956699802607484218e+00
1.956486020116804836e+00
1.957603388903710551e+00
1.959289065958561116e+00
1.959789539406345815e+00
1.959378957459361859e+00
1.959003772685819600e+00
1.959608404073529764e+00
1.961325177429477096e+00
1.962325052648149049e+00
1.962083857510968032e+00
1.962732942229027389e+00
1.964502323170285836e+00
1.965167527848411089e+00
1.964923871959057822e+00
1.965908814438937613e+00
1.967628603647850527e+00
1.968246077374498304e+00
1.967875959906250527e+00
1.967462710134533888e+00
1.967948663578578339e+00
1.969624780488828497e+00
1.970765815404802224e+00
1.970571859329722342e+00
1.971031510136632248e+00
1.972748021070092728e+00
1.973767529242728580e+00
1.973598482489453909e+00
1.973455380444733231e+00
1.973516666825967159e+00
1.973252456564752455e+00
1.973368655398737515e+00
1.974842758139379706e+00
1.976300969149740405e+00
1.976278074604042478e+00
1.976411474764721232e+00
1.977999136401766611e+00
1.979318650335664787e+00
1.979307378188442490e+00
1.979081729752657504e+00
1.979152830617423531e+00
1.978957353495156779e+00
1.978876638439329261e+00
1.980084533777992872e+00
1.981735135217996158e+00
1.981986126137931903e+00
1.981883398395486440e+00
1.983238065958019769e+00
1.984796614421673544e+00
1.985009056914242676e+00
1.984724246632273870e+00
1.984766991438458250e+00
1.984674529517538977e+00
1.984478745023258162e+00
1.985299724517155751e+00
1.986997456724136635e+00
1.987914334185562959e+00
1.987718604369215436e+00
1.987258452027271138e+00
1.987418039979713891e+00
1.988820955077469810e+00
1.990349964052738452e+00
1.990635846447810442e+00
1.990371424305225068e+00
1.990407057362263865e+00
1.990325645947615962e+00
1.990076854571587672e+00
1.990847983566389034e+00
1.992593701747753299e+00
1.993323648048181296e+00
1.993075918968170823e+00
1.993977949416096740e+00
1.995710168345826263e+00
1.996325748198408467e+00
1.996048039226898885e+00
1.996013665665137493e+00
1.996017373153623486e+00
1.995724473676182997e+00
1.996178103253314573e+00
1.997868451486539465e+00
1.998951929464320765e+00
1.998733343891235803e+00
1.999276616852961430e+00
2.001009994453307517e+00
2.001949647564642998e+00
2.001749936888665538e+00
2.001622847920262238e+00
2.001677819462242436e+00
2.001428397947141669e+00
2.001589370275524971e+00
2.003018685203387772e+00
2.004525150170679115e+00
2.004809381217836695e+00
2.004374713523521923e+00
2.004105309907707078e+00
2.004870805348872853e+00
2.006562798462304453e+00
2.007539074433258630e+00
2.007398988068926915e+00
2.007263599263103604e+00
2.007323015648469156e+00
2.007061898255479537e+00
2.007150458745710964e+00
2.008594519252025812e+00
2.010083201616127191e+00
2.010090531331025332e+00
2.010187621168717076e+00
2.011750797727567264e+00
2.013105540773586277e+00
2.013119585963592861e+00
2.012884724370599177e+00
2.012954739341384691e+00
2.012769993066268803e+00
2.012668301068235799e+00
2.013837339799501525e+00
2.015505389471147435e+00
2.015797890611750631e+00
2.015672390357583943e+00
2.016989667659885743e+00
2.018572965077896519e+00
2.018819075229964177e+00
2.018530217366917512e+00
2.018567495838844650e+00
2.018485744032975759e+00
2.018278531603194814e+00
2.019060333912783722e+00
2.020755899212703266e+00
2.021710214080537860e+00
2.021534640303637609e+00
2.021069854390395104e+00
2.021200019158539085e+00
2.022574193600356729e+00
2.024124578447660028e+00
2.024444073939775102e+00
2.024177937140878125e+00
2.024207437085077110e+00
2.024137154949789963e+00
2.023878790728932398e+00
2.024607764404493082e+00
2.026352163310113141e+00
2.027129079430323166e+00
2.026878811585629325e+00
2.027734313964995483e+00
2.029472592393416264e+00
2.030129813420060714e+00
2.029858600215549203e+00
2.029813581915343335e+00
2.029825731034543335e+00
2.029532290647837911e+00
2.029946192757919654e+00
2.031619791132636355e+00
2.032750942947938899e+00
2.032550239753305732e+00
2.033028524217253885e+00
2.034738829764825230e+00
2.035806013861661601e+00
2.035648713732172155e+00
2.035146287287397993e+00
2.035244554847654541e+00
2.036660019062950688e+00
2.038193470915152350e+00
2.038258674735297760e+00
2.038295539304635806e+00
2.039863327549313876e+00
2.041180028286891712e+00
2.041010584251779392e+00
2.041397082074928093e+00
2.043140441147201170e+00
2.044054764849342565e+00
2.043799275326405596e+00
2.044551745753312222e+00
2.046295054582297102e+00
2.047114212629453700e+00
2.046825575614042769e+00
2.046359875912904247e+00
2.046664398920374772e+00
2.048252514241612143e+00
2.049583645095566009e+00
2.049464144032192348e+00
2.049746822394730383e+00
2.051455933158341960e+00
2.052489485471186370e+00
2.052234700770831033e+00
2.052926038191445368e+00
2.054697638018839090e+00
2.055303530652087041e+00
2.055069600757031267e+00
2.056113061334219783e+00
2.057820044508757107e+00
2.058385513308812254e+00
2.057996264979621959e+00
2.057598163515937717e+00
2.058137569032369107e+00
2.059836787984316242e+00
2.060909682944272348e+00
2.060682552469265794e+00
2.061256317416794381e+00
2.063026204830491039e+00
2.063750451336981317e+00
2.063491399638555990e+00
2.064493127717816012e+00
2.066212428746537100e+00
2.066524102496881010e+00
2.066389604885724651e+00
2.067695781653193787e+00
2.069298727559019557e+00
2.069626665863351089e+00
2.069166675197795957e+00
2.068866040953126539e+00
2.069658248133428025e+00
2.071400923091961666e+00
2.072184586603587508e+00
2.071927699431633130e+00
2.072809723636932500e+00
2.074559848112119909e+00
2.074977321099092276e+00
2.074795075365007513e+00
2.076084049614481675e+00
2.077670512264593317e+00
2.077730308159107864e+00
2.077772657475879914e+00
2.079287878235414055e+00
2.080724118853223281e+00
2.080842974741809570e+00
2.080342109272171669e+00
2.080168809870580837e+00
2.081214503259796622e+00
2.082932898392756194e+00
2.083422162765817376e+00
2.083213392167348577e+00
2.084392834431143537e+00
2.086042605560847196e+00
2.086184088713471052e+00
2.086160124079317946e+00
2.087686129838596916e+00
2.089058693625065466e+00
2.088929688030172649e+00
2.089226329196444354e+00
2.090900416231691317e+00
2.092064036970874952e+00
2.091960089327490557e+00
2.091711302179504184e+00
2.091762573800368674e+00
2.091817300080963005e+00
2.091798877304834825e+00
2.091787682873721632e+00
2.091793448300371949e+00
2.091795516247094699e+00
2.091793863308841761e+00
2.091793540548177788e+00
2.091793983855978922e+00
2.091794016324897587e+00
2.091793903785322595e+00
2.091793907361630733e+00
2.091793934505581376e+00
2.091793930846518101e+00
2.091793924640893643e+00
2.091793926187287322e+00
2.091793927520306351e+00
2.091793926996569297e+00
2.091793926732465447e+00
2.091793926890773925e+00
2.091793926937169701e+00
2.091793926893006805e+00
2.091793926886637678e+00
2.091793926897859368e+00
2.091793926897625777e+00
2.091793926896682088e+00
2.091793926898627198e+00
2.091793926890475497e+00
2.091793926886956978e+00
2.091793926924553126e+00
2.091793926922727920e+00
2.091793926769637046e+00
2.091793926841772677e+00
2.091793927431414790e+00
2.091793926878515286e+00
2.091793924737670896e+00
2.091793927991395741e+00
2.091793935207597599e+00
2.091793918432881760e+00
2.091793896489736237e+00
2.091793975785747772e+00
2.091794031221117400e+00
2.091793680059933713e+00
2.091793601179154027e+00
2.091795073323062137e+00
2.091794780760462658e+00
2.091788917302964901e+00
2.091792607308307961e+00
2.091814743762351103e+00
2.091789767154276447e+00
2.091711332688661606e+00
2.091850427098559617e+00
2.092106469762777365e+00
2.091399847429024739e+00
2.089687036271977050e+00
2.088769740545580955e+00
2.088952492032983610e+00
2.088673335765673933e+00
2.086973487803210237e+00
2.083680939652875708e+00
2.080749557736593314e+00
2.080573716901600534e+00
2.080568574905484081e+00
2.077592565677097269e+00
2.074744127545716577e+00
2.074801938024675607e+00
2.074609414482944558e+00
2.071791382547287785e+00
2.067775469624482110e+00
2.064447241151594170e+00
2.063563668921986505e+00
2.063969125920118053e+00
2.061925843268405334e+00
2.058509194535817599e+00
2.057700352339734806e+00
2.058062124846982144e+00
2.056094634520640341e+00
2.052280452499153807e+00
2.048500048607329926e+00
2.046638618138862054e+00
2.047038411254858303e+00
2.046099065637912329e+00
2.042632597174373288e+00
2.040781580674249529e+00
2.041258193081327832e+00
2.039950693076102883e+00
2.036500991106245273e+00
2.033964111764932969e+00
2.032809957964011982e+00
2.031819743333219908e+00
2.029992251428635264e+00
2.026863754396130091e+00
2.024059029889796246e+00
2.022784144195390876e+00
2.020785584070215801e+00
2.016452506121849453e+00
2.011220962093012155e+00
2.006521351702036160e+00
2.003071453072687191e+00
2.000267284058051320e+00
1.996250398559159978e+00
1.991514688092704377e+00
1.988161749504774756e+00
1.985297572407145994e+00
1.980880877376743010e+00
1.976368160640044502e+00
1.973584458810208497e+00
1.970139335461232877e+00
1.964113299296256665e+00
1.958123326298962352e+00
1.953753592526093152e+00
1.948971898125492208e+00
1.942849358348468725e+00
1.936553209389398233e+00
1.930575877462995527e+00
1.924607066086869933e+00
1.918560122072897611e+00
1.912520161022386311e+00
1.906497686102966105e+00
1.900469846696821508e+00
1.894441955073996819e+00
1.888420550098882877e+00
1.882381304910273778e+00
1.876329417271459077e+00
1.870359796412654596e+00
1.864402506180050656e+00
1.858099878850904885e+00
1.851900007292692774e+00
1.847149680053576271e+00
1.842855759727371812e+00
1.836268745658751866e+00
1.828361994934813106e+00
1.821932419677925186e+00
1.816097577318076084e+00
1.808921999513632750e+00
1.801075034100296790e+00
1.793558612890068904e+00
1.785971394255075007e+00
1.778198990617568587e+00
1.771353425639341950e+00
1.765514016509171169e+00
1.758971064359848402e+00
1.751290033547849845e+00
1.743541952034808551e+00
1.736064576778542534e+00
1.728588839711515890e+00
1.721028356475593268e+00
1.713425460461055483e+00
1.705947063612345049e+00
1.698629873584779348e+00
1.690783425418777686e+00
1.681901674875544428e+00
1.672515267980573039e+00
1.663307215871975053e+00
1.654896501737370684e+00
1.647393441779816170e+00
1.640223290794990740e+00
1.632710059997467544e+00
1.624202048730310599e+00
1.614989159655858764e+00
1.605895943592123398e+00
1.596875367178492100e+00
1.587632813109108199e+00
1.578806540530252267e+00
1.571032111147884214e+00
1.563831072424624491e+00
1.556502803078253283e+00
1.548417798210161456e+00
1.539396400006087573e+00
1.530006868954020050e+00
1.520894232761148546e+00
1.512670120399137508e+00
1.505273524444976418e+00
1.498070870729278914e+00
1.490427650098252288e+00
1.481829730898880371e+00
1.472518814376629459e+00
1.463113482771148055e+00
1.454504329464348489e+00
1.447062840255540994e+00
1.439306778928610031e+00
1.430297877332760370e+00
1.421021303029661675e+00
1.412030341293640134e+00
1.402883859418053714e+00
1.393760417198102175e+00
1.385523978794185540e+00
1.378166695801403385e+00
1.370995327748586012e+00
1.363299521772397549e+00
1.354552024241892694e+00
1.345315053656782833e+00
1.336298403784542232e+00
1.327199224274512090e+00
1.317897399561700045e+00
1.309448312765885802e+00
1.302081574546036125e+00
1.294130103796020004e+00
1.284990999059631767e+00
1.275716942912682672e+00
1.266722460738213707e+00
1.257731197347511154e+00
1.248671778764237628e+00
1.239619095156419659e+00
1.230582213395514657e+00
1.221541886231341190e+00
1.212498093066066485e+00
1.203455540288132841e+00
1.194413697283206011e+00
1.185371469185815707e+00
1.176329123478260685e+00
1.167286887394300976e+00
1.158244600469847896e+00
1.149202311005421473e+00
1.140160307403412565e+00
1.131118081198614345e+00
1.122074772655591746e+00
1.113032855173184510e+00
1.103994746716498998e+00
1.094949335484767472e+00
1.085891691337987464e+00
1.076869346889167023e+00
1.067880485032192572e+00
1.058731402141907640e+00
1.049519827710044595e+00
1.041016071069745585e+00
1.033492731526649777e+00
1.026365285963226404e+00
1.018880567622085787e+00
1.010273568640548403e+00
1.001075054432047473e+00
9.926680553008980779e-01
9.855320157193795394e-01
9.794983582733706173e-01
9.734225041661727085e-01
9.662048670098405401e-01
9.582749202565689073e-01
9.504523768528848615e-01
9.435971087692965886e-01
9.377231958078148244e-01
9.313067735126675517e-01
9.237136028513834862e-01
9.156808726460505810e-01
9.081323004523459419e-01
9.019184584645032476e-01
8.959982035977316350e-01
8.885390507729755694e-01
8.810093870850957964e-01
8.757454244763378526e-01
8.718619399020254290e-01
8.677213810136359395e-01
8.625565684882945394e-01
8.563975532802619028e-01
8.506818892242835606e-01
8.461496676499405956e-01
8.420895679668297662e-01
8.376472478384608955e-01
8.320398503087013120e-01
8.258502816163529880e-01
8.206174727843075223e-01
8.163760371346412414e-01
8.122763948639691867e-01
8.074416414072373982e-01
8.013994450255241819e-01
7.954665501759161650e-01
7.907868781398514901e-01
7.865638332277075095e-01
7.820667635516495020e-01
7.774227875691337442e-01
7.728630662715378907e-01
7.685906707200399479e-01
7.641481361861712784e-01
7.585304714481474475e-01
7.523398502584467407e-01
7.471601422026531436e-01
7.429485176539494251e-01
7.388307175256991766e-01
7.339438658703630880e-01
7.278856839459367789e-01
7.219709390072360788e-01
7.172733937245258096e-01
7.132006969092498094e-01
7.088869721615647101e-01
7.034812036946885838e-01
6.972650941696960647e-01
6.918726043015722693e-01
6.875345541600602628e-01
6.832129768461383534e-01
6.786228977274832985e-01
6.739872651216609611e-01
6.695377533967643569e-01
6.653171096924250794e-01
6.604468178683933210e-01
6.543671607515646471e-01
6.484851506730088255e-01
6.438443601735760469e-01
6.397580202725645648e-01
6.353838308501390530e-01
6.300376868394701457e-01
6.238834306272487140e-01
6.180235528464701478e-01
6.136870878006266405e-01
6.118527372979857271e-01
6.104940136733046918e-01
6.066190087161865696e-01
6.017331595274714173e-01
5.983360004172161295e-01
5.957154775608601849e-01
5.927573115385422753e-01
5.896312805131361801e-01
5.866007432135362798e-01
5.836591666847642523e-01
5.806814688994879070e-01
5.774495377053103784e-01
5.743688169728919934e-01
5.723651807814920112e-01
5.710288943362519243e-01
5.692412054076736450e-01
5.678897060203539349e-01
5.681988054914290931e-01
5.677971656899064579e-01
5.645970999054571449e-01
5.620423688627401715e-01
5.623675479989990178e-01
5.616252364285415632e-01
5.582035411716717022e-01
5.561301395037661077e-01
5.564838875043768285e-01
5.561492758005196491e-01
5.543799370341127020e-01
5.526251566436384266e-01
5.512094556963403891e-01
5.497595590366850526e-01
5.482192716306402147e-01
5.466741561742611832e-01
5.452102961332521147e-01
5.438070013923266277e-01
5.421048796574384765e-01
5.402679931336552555e-01
5.397271537872319058e-01
5.401630514184965204e-01
5.384406843695034306e-01
5.349474572849258758e-01
5.338368375846543890e-01
5.342841144888262894e-01
5.320757829786078030e-01
5.287118790359111031e-01
5.279933027016733282e-01
5.284154436970468494e-01
5.272921220696363820e-01
5.253758440665544649e-01
5.238185982884644432e-01
5.224181110443303355e-01
5.209127870197176602e-01
5.193781289044779870e-01
5.178723453418014877e-01
5.163777761200931682e-01
5.148713455762304880e-01
5.133361660444781815e-01
5.118332908739890996e-01
5.104339826520054579e-01
5.088660647068519172e-01
5.069500160743273254e-01
5.058724770051979958e-01
5.063105860216072784e-01
5.055118434652338122e-01
5.021171274320468392e-01
4.999989041991467209e-01
5.004668952387993919e-01
4.992618644131339156e-01
4.957599953117504121e-01
4.941264007633867639e-01
4.945759143030394878e-01
4.939830445262406444e-01
4.921324850991980471e-01
4.904436564194618597e-01
4.890425971339805722e-01
4.875752033118856410e-01
4.860291853537113127e-01
4.844906525315267887e-01
4.830435202512478599e-01
4.816226621034993549e-01
4.798586386170140550e-01
4.781127690779994888e-01
4.778123370406943682e-01
4.781317879541857607e-01
4.760426350772393178e-01
4.726467277699000213e-01
4.717077461486023360e-01
4.721180764606958125e-01
4.708676842975356713e-01
4.692587156286136540e-01
4.692621793845662692e-01
4.691434381650557706e-01
4.674962507787516763e-01
4.663109405067945579e-01
4.665197043315344461e-01
4.660318099109218570e-01
4.643132184456743028e-01
4.632675231282875616e-01
4.634409777878142345e-01
4.639405073765620058e-01
4.638218646884091356e-01
4.623912455103968977e-01
4.608726668498491774e-01
4.608089540857146504e-01
4.607724206761230068e-01
4.592620465305902178e-01
4.578421875645817263e-01
4.577743697004542645e-01
4.580257189754497471e-01
4.579596155782076350e-01
4.581218717199505575e-01
4.582620218288138147e-01
4.571744483208673993e-01
4.554769769899629228e-01
4.550912486010032509e-01
4.552589186546293076e-01
4.540489784834698117e-01
4.523995648823533333e-01
4.519767023489459357e-01
4.524084849978554645e-01
4.527521571422256086e-01
4.520707075970490374e-01
4.503425701693483107e-01
4.494211608878807551e-01
4.496627129743420159e-01
4.489729948349362454e-01
4.472286613183860116e-01
4.464184440964463763e-01
4.466560795841465481e-01
4.467415008014921085e-01
4.467036801999789697e-01
4.469924821430124595e-01
4.467140470571205890e-01
4.451101983960517039e-01
4.438280417011026824e-01
4.439674774455499850e-01
4.436485931460638632e-01
4.419857911063033162e-01
4.407806287281331725e-01
4.408493324562117177e-01
4.413580891165629350e-01
4.413649504534226109e-01
4.400781254660871555e-01
4.384569728577085712e-01
4.382263184244975518e-01
4.383181517368252011e-01
4.369754943216463960e-01
4.353975446245382797e-01
4.351019272152496509e-01
4.355523167558927877e-01
4.358164647569015004e-01
4.350637255633308387e-01
4.333907418390738897e-01
4.323343692562622298e-01
4.324320724187959986e-01
4.329198262661366758e-01
4.328854447734152844e-01
4.315406972259157037e-01
4.299550053797461802e-01
4.298092710534465732e-01
4.298423493394077921e-01
4.283625956706015314e-01
4.269308845367453253e-01
4.269649282332924622e-01
4.268578091192150037e-01
4.254282897617615022e-01
4.234848212196857808e-01
4.218764135473629384e-01
4.211413020997755163e-01
4.212406700496654777e-01
4.215738635418239122e-01
4.215153729962667351e-01
4.205239759428527346e-01
4.187744725466769902e-01
4.168636560254989076e-01
4.157299198244290839e-01
4.158599497727020200e-01
4.155879870503383922e-01
4.139072223116844196e-01
4.127999440150663668e-01
4.130378081803178780e-01
4.124346879538948185e-01
4.106602143287635398e-01
4.099821851448088861e-01
4.102357442940242072e-01
4.091818577905074195e-01
4.074790864628201614e-01
4.072323366612619067e-01
4.073296858208302895e-01
4.059043343427956030e-01
4.044196938866194690e-01
4.044158502182995107e-01
4.043525536021695954e-01
4.029626558434511452e-01
4.010199085383002737e-01
3.993884631163160392e-01
3.986151845225852641e-01
3.986936619423909756e-01
3.990293420800484769e-01
3.989967546933710363e-01
3.980427705412835637e-01
3.963120070921575255e-01
3.943924665477335223e-01
3.932106768400303043e-01
3.933136074968384133e-01
3.930944538314878889e-01
3.914396114846504515e-01
3.902720696157097047e-01
3.904939847603162706e-01
3.899557668333113458e-01
3.881852103813298038e-01
3.874410499399369989e-01
3.877031688711594093e-01
3.867133505993592957e-01
3.849895236097309326e-01
3.846836355870073554e-01
3.848143788459241765e-01
3.834419476332714405e-01
3.819117674752399161e-01
3.818561006052459961e-01
3.818518133927512048e-01
3.805428132875599001e-01
3.785041232795349764e-01
3.767314716477587755e-01
3.763803238042782162e-01
3.767250553821001047e-01
3.748956572989220470e-01
3.714828049333712690e-01
3.699285764740203319e-01
3.704763792900795938e-01
3.713366175734671426e-01
3.707751829143172140e-01
3.678155720465079437e-01
3.648921458017252428e-01
3.643799724817937680e-01
3.652372584689398405e-01
3.657400946753753823e-01
3.641973799107771637e-01
3.608425118093601114e-01
3.587797407144263095e-01
3.590083862646962221e-01
3.599563967202638048e-01
3.598491122782805363e-01
3.572222867433226812e-01
3.540385235971752476e-01
3.533810780802586482e-01
3.537673804734438043e-01
3.527073900020414321e-01
3.506957460057288367e-01
3.488766479176268476e-01
3.480564449667845062e-01
3.482074936968913015e-01
3.478273804975322570e-01
3.462735884163483657e-01
3.443032774542614805e-01
3.427735153085116893e-01
3.424272095579274366e-01
3.425693623102152308e-01
3.417126287964423748e-01
3.398762292550734365e-01
3.378741356736651436e-01
3.368589871634930510e-01
3.372598044054966326e-01
3.365289667126621365e-01
3.333088722995733999e-01
3.307472137384490640e-01
3.306944472515344069e-01
3.316459218868117453e-01
3.318298098953919584e-01
3.296962529489146920e-01
3.263523305280670583e-01
3.248838418381935211e-01
3.254201049456658668e-01
3.262624814564628051e-01
3.256870695635165625e-01
3.227159882324402429e-01
3.198046091133158741e-01
3.193061224868862236e-01
3.201817652253732271e-01
3.206948623838020151e-01
3.190628639393806032e-01
3.156446122436428747e-01
3.138984654771350691e-01
3.142640703649023926e-01
3.138581918861513276e-01
3.120620316394719929e-01
3.100594416708513101e-01
3.087712294459979412e-01
3.086859963780081428e-01
3.086953353469234496e-01
3.075287743374875982e-01
3.056160334100091469e-01
3.038144608909372768e-01
3.029800570841162388e-01
3.031335760367525056e-01
3.027487888167996188e-01
3.011866903944586116e-01
2.992139058603242030e-01
2.976923292447470337e-01
2.973621766395046495e-01
2.975001641251808215e-01
2.966124816945007736e-01
2.947816703623655776e-01
2.928540108923888274e-01
2.917766586612619006e-01
2.919288127691982426e-01
2.916106592022291721e-01
2.899123386008570225e-01
2.888525865922553226e-01
2.891000392189119750e-01
2.884474345810014717e-01
2.866723978900528325e-01
2.860441373984301539e-01
2.862889091698582189e-01
2.851865902416874099e-01
2.835023886261318071e-01
2.833031545479781088e-01
2.833694825302481846e-01
2.818895149621551965e-01
2.804635770357775670e-01
2.805548492569392982e-01
2.803258887340643324e-01
2.786929912144175403e-01
2.774222096823709682e-01
2.774473219503632015e-01
2.779593728508933936e-01
2.780110454681473664e-01
2.767761101745641050e-01
2.751247392154844151e-01
2.748546389844663262e-01
2.749703476895039023e-01
2.735819599077452535e-01
2.720687423099541480e-01
2.721054839548783799e-01
2.719471884971685904e-01
2.702831891154333088e-01
2.691347988511281764e-01
2.693689964119035385e-01
2.687887844662952275e-01
2.670144924571331568e-01
2.663171917323722271e-01
2.665732561749136753e-01
2.655410021406460763e-01
2.638314392242477324e-01
2.635485266917694802e-01
2.636681489517032073e-01
2.623369481836582140e-01
2.607489264000679152e-01
2.604448159013835196e-01
2.609097815744587101e-01
2.611970483439821633e-01
2.603815969993440449e-01
2.586422483753915147e-01
2.578726775888441902e-01
2.581192834431805805e-01
2.572791635675755750e-01
2.555410581218676147e-01
2.548491533410821575e-01
2.551251251667707165e-01
2.552592105506555353e-01
2.551763192919591638e-01
2.551529943854276561e-01
2.551760428288546989e-01
2.551792617452280920e-01
2.551732295420772179e-01
2.551730658480730884e-01
2.551745638517159409e-01
2.551744508661213939e-01
2.551740975311199144e-01
2.551741616872708063e-01
2.551742404574394718e-01
2.551742163708019540e-01
2.551741999760208657e-01
2.551742076929970349e-01
2.551742108000095710e-01
2.551742085505238622e-01
2.551742080428809345e-01
2.551742086540615406e-01
2.551742087135524528e-01
2.551742085566450213e-01
2.551742085581964470e-01
2.551742085964592288e-01
2.551742085921643310e-01
2.551742085833114126e-01
2.551742085852852227e-01
2.551742085872146237e-01
2.551742085865232323e-01
2.551742085861334886e-01
2.551742085863466514e-01
2.551742085864174281e-01
2.551742085863568654e-01
2.551742085863462628e-01
2.551742085863623055e-01
2.551742085863632492e-01
2.551742085863591969e-01
2.551742085863594189e-01
2.551742085863603071e-01
2.551742085863602516e-01
2.551742085863600296e-01
2.551742085863601406e-01
2.551742085863601406e-01
2.551742085863600851e-01
2.551742085863600296e-01
2.551742085863600296e-01
2.551742085863600851e-01
2.551742085863600851e-01
2.551742085863600851e-01
2.551742085863600851e-01
2.551742085863600296e-01
2.551742085863600296e-01
2.551742085863600296e-01
2.551742085863600851e-01
2.551742085863600851e-01
2.551742085863600851e-01
2.551742085863600296e-01
2.551742085863600851e-01
2.551742085863600851e-01
2.551742085863600851e-01
2.551742085863600851e-01
2.551742085863600851e-01
2.551742085863600296e-01
2.551742085863600296e-01
2.551742085863601406e-01
2.551742085863600296e-01
2.551742085863600296e-01
2.551742085863600851e-01
2.551742085863600851e-01
2.551742085863600851e-01
2.551742085863600296e-01
2.551742085863600851e-01
2.551742085863600296e-01
2.551742085863600296e-01
2.551742085863600296e-01
2.551742085863600296e-01
2.551742085863600851e-01
2.551742085863600296e-01
2.551742085863600296e-01
2.551742085863600296e-01
2.551742085863600296e-01
2.551742085863601406e-01
2.551742085863600296e-01
2.551742085863600296e-01
2.551742085863600296e-01
2.551742085863601406e-01
2.551742085863601406e-01
2.551742085863600296e-01
2.551742085863600296e-01
2.551742085863600296e-01
2.551742085863600851e-01
2.551742085863600851e-01
2.551742085863600296e-01
2.551742085863600296e-01
2.551742085863600296e-01
2.551742085863600296e-01
2.551742085863600296e-01
2.551742085863600296e-01
2.551742085863600296e-01
2.551742085863600296e-01
2.551742085863600851e-01
2.551742085863600851e-01
2.551742085863600851e-01
2.551742085863600851e-01
2.551742085863600296e-01
2.551742085863600851e-01
2.551742085863600851e-01
2.551742085863600851e-01
2.551742085863600851e-01
2.551742085863600296e-01
2.551742085863600851e-01
2.551742085863601406e-01
2.551742085863600851e-01
2.551742085863600851e-01
2.551742085863601406e-01
2.551742085863600851e-01
2.551742085863600296e-01
2.551742085863600851e-01
2.551742085863600851e-01
2.551742085863600296e-01
2.551742085863600851e-01
2.551742085863600851e-01
2.551742085863600296e-01
2.551742085863600851e-01
2.551742085863600296e-01
2.551742085863600296e-01
2.551742085863601406e-01
2.551742085863600296e-01
2.551742085863600851e-01
2.551742085863601406e-01
2.551742085863601406e-01
2.551742085863600851e-01
2.551742085863601406e-01
2.551742085863600296e-01
2.551742085863596965e-01
2.551742085863604181e-01
2.551742085863613063e-01
2.551742085863580867e-01
2.551742085863558107e-01
2.551742085863699661e-01
2.551742085863735743e-01
2.551742085863141773e-01
2.551742085863241694e-01
2.551742085865615906e-01
2.551742085864198706e-01
2.551742085855195352e-01
2.551742085864998066e-01
2.551742085897060752e-01
2.551742085841908758e-01
2.551742085736537491e-01
2.551742086013032429e-01
2.551742086320837877e-01
2.551742085039986341e-01
2.551742084330013149e-01
2.551742089910040701e-01
2.551742090474707902e-01
2.551742067424426774e-01
2.551742074768269530e-01
2.551742165229157755e-01
2.551742096316912956e-01
2.551741760454599439e-01
2.551742194920505469e-01
2.551743360058292831e-01
2.551741028778026776e-01
2.551737333778593131e-01
2.551748663472689915e-01
2.551758806021289794e-01
2.551707533371379566e-01
2.551687805210392512e-01
2.551906842810016118e-01
2.551895988759544376e-01
2.551007518105275484e-01
2.551426157809600914e-01
2.554847490503514562e-01
2.551639358968664784e-01
2.534781861626839716e-01
2.523185571997472731e-01
2.527167071050053226e-01
2.517877546999484073e-01
2.484630986365671812e-01
2.461233368621622009e-01
2.462527519189652847e-01
2.472569859590037500e-01
2.472749982092329324e-01
2.446912108120350982e-01
2.414503811855555071e-01
2.410431561935014733e-01
2.411927139558286970e-01
2.383005661978154777e-01
2.353780775204885045e-01
2.355201561027971957e-01
2.351148483649661558e-01
2.318123498415525230e-01
2.294249178151634982e-01
2.296646717276206173e-01
2.295127758840546650e-01
2.278230449875894292e-01
2.260237933043360847e-01
2.245921614759421869e-01
2.231480776395799448e-01
2.216155671358882584e-01
2.200941675329375902e-01
2.185963694550698833e-01
2.170991276813050708e-01
2.155797280516760228e-01
2.140459520052308551e-01
2.125939736617964426e-01
2.111701390512539245e-01
2.093995701261234799e-01
2.076674894437778307e-01
2.073995730610739829e-01
2.077001788303303731e-01
2.055556741237090645e-01
2.021756307217218995e-01
2.012921138483696470e-01
2.016922240376310405e-01
2.004088470768688457e-01
1.988212810686657561e-01
1.988488629450915202e-01
1.987002557668908209e-01
1.970316071421953086e-01
1.958924001899916001e-01
1.961302334550975579e-01
1.955361186483513536e-01
1.937616299634138950e-01
1.930761428423526382e-01
1.933290029749132333e-01
1.922991955978791689e-01
1.905908693557869515e-01
1.902500315048470947e-01
1.904096453613990381e-01
1.893377742948224030e-01
1.874399873088873902e-01
1.856686066498901000e-01
1.846300637220731899e-01
1.845363809074296035e-01
1.848696487578081749e-01
1.849984265833559682e-01
1.842906929292019713e-01
1.827022739721718136e-01
1.808471501768965928e-01
1.793738992241491748e-01
1.788501463875661612e-01
1.790627114759101024e-01
1.793654215282653452e-01
1.791313140171418572e-01
1.779246151648407048e-01
1.760791259331807301e-01
1.742508467846064224e-01
1.734286017616330777e-01
1.736573353990130131e-01
1.730335802589528238e-01
1.712700063229211922e-01
1.705463922631453300e-01
1.708048549652870229e-01
1.698085808578345679e-01
1.680863797812028604e-01
1.677894681661516452e-01
1.679154662375875462e-01
1.665120871970945104e-01
1.650131803203056247e-01
1.650682185675554914e-01
1.648848641950204363e-01
1.632073807320107428e-01
1.620890213167707206e-01
1.623304254704409089e-01
1.617186233898987302e-01
1.599437926674537047e-01
1.592750542778992584e-01
1.595253126605523097e-01
1.584798080379211660e-01
1.567765767946984190e-01
1.564497300883161135e-01
1.566038219751542115e-01
1.555195300151565596e-01
1.536188306230018008e-01
1.518513362538324585e-01
1.508228942426110830e-01
1.507376404059548591e-01
1.510674266264543930e-01
1.511867741862543135e-01
1.504899852581776110e-01
1.489054316554759005e-01
1.469615749702520568e-01
1.454940216524693297e-01
1.453446291434530857e-01
1.454115670902901558e-01
1.440220973012743544e-01
1.425051370572352760e-01
1.425187243990314601e-01
1.423919796471081189e-01
1.407665691350954706e-01
1.395353890828846533e-01
1.396851876236879508e-01
1.393942040098840041e-01
1.378212616900676701e-01
1.358844838663917642e-01
1.343759633149895771e-01
1.337924714831856543e-01
1.339666280177256863e-01
1.342829389252079009e-01
1.341110406917217779e-01
1.329668552784636915e-01
1.311576408681689732e-01
1.293222507543476951e-01
1.283490526273128318e-01
1.284700123564031515e-01
1.281900939967965947e-01
1.266972907701281459e-01
1.247776584154425272e-01
1.232085578889007271e-01
1.225345656623677837e-01
1.226695655324953338e-01
1.229992495175636913e-01
1.228923689348474790e-01
1.218288740523511549e-01
1.200538365064128810e-01
1.181889433720419713e-01
1.171084235345027369e-01
1.171835294349354017e-01
1.169988298411542837e-01
1.155846772498621000e-01
1.136664562305135240e-01
1.120450052022950727e-01
1.112844738298065517e-01
1.113743163385730317e-01
1.117119510573021113e-01
1.116661055075124642e-01
1.106859480949141106e-01
1.089489909767382692e-01
1.070613146746660915e-01
1.058784339384727380e-01
1.058945350841162258e-01
1.057976238962245463e-01
1.044710225412559812e-01
1.025550214298487917e-01
1.008784843653260654e-01
1.000549884549666313e-01
1.001125957228966579e-01
1.003487611735514318e-01
1.003326163480604827e-01
1.000000000000000056e-01
1.000622969847394239e-01
1.014623211694926641e-01
1.029963501245297897e-01
1.030522324394193001e-01
1.030991284754307902e-01
1.046589850705047509e-01
1.059933830184779380e-01
1.058954247756679068e-01
1.060916430459611370e-01
1.075958513850390486e-01
1.095378751569351661e-01
1.110976731276042684e-01
1.117580804755609059e-01
1.116197652952285180e-01
1.112873036933287874e-01
1.114024120758037306e-01
1.124946582352694402e-01
1.142586876605842794e-01
1.160469646098039320e-01
1.172110884366086014e-01
1.173859454923960044e-01
1.170644003907070352e-01
1.168900701331289371e-01
1.174748435477564745e-01
1.189832534330510505e-01
1.209198317785510624e-01
1.224928699715732705e-01
1.227834542124123518e-01
1.226336584081893499e-01
1.238667247139292327e-01
1.254912462310626697e-01
1.256106743553446758e-01
1.256039483511496857e-01
1.271474827989770295e-01
1.284965640903193984e-01
1.283400503016762784e-01
1.286976699689784953e-01
1.304376071282272453e-01
1.313691540938607405e-01
1.311051945597489499e-01
1.318940858447448794e-01
1.336525098927004995e-01
1.342146986334573633e-01
1.339948085932851363e-01
1.348708291942304072e-01
1.367165665773059924e-01
1.385482871571203090e-01
1.397203065179175030e-01
1.399219367994695151e-01
1.396134515428064937e-01
1.394210402685646943e-01
1.399715669504129067e-01
1.414585442876681032e-01
1.433681331738948517e-01
1.449614162173454845e-01
1.454010623340305786e-01
1.452367193021497638e-01
1.460051516567133778e-01
1.478014338344403877e-01
1.498249213554013748e-01
1.509428497356864463e-01
1.505797019029328776e-01
1.511421676663831926e-01
1.542728616212724613e-01
1.569835631495989370e-01
1.571655642938612485e-01
1.562250321296476674e-01
1.559393636844710052e-01
1.579034423778974405e-01
1.612676184985818995e-01
1.629222692219053359e-01
1.624650772616910988e-01
1.615374597256758193e-01
1.619938223607804151e-01
1.650516059331718910e-01
1.678751708275008914e-01
1.677940368355588519e-01
1.681018225088044271e-01
1.712584429101553229e-01
1.739673505906574325e-01
1.740654294861871954e-01
1.730551274104637216e-01
1.728189323736523952e-01
1.750769141505739701e-01
1.784593685228635374e-01
1.792823069091697696e-01
1.789272118936508227e-01
1.812763577539133197e-01
1.846017044007177699e-01
1.855061140745909443e-01
1.846832814317762306e-01
1.840179304787467329e-01
1.852050028497118361e-01
1.884771429438952262e-01
1.908846855457907998e-01
1.908983471366975659e-01
1.899253054577939581e-01
1.897633656782993228e-01
1.921457094142963729e-01
1.954848486786562312e-01
1.961250688116660257e-01
1.958426230108531452e-01
1.984888380919446194e-01
2.016212792901991846e-01
2.018022628812237707e-01
2.017757498061849009e-01
2.044034543681849114e-01
2.081962746146224785e-01
2.114444349427533898e-01
2.135555033160177474e-01
2.148958734936659010e-01
2.169357007388923453e-01
2.200857659490861318e-01
2.236108018045563361e-01
2.265302807218384507e-01
2.280096335996875667e-01
2.295541336523850839e-01
2.332869687569308348e-01
2.384198645457408228e-01
2.433651073437025358e-01
2.472392235041336872e-01
2.500418210098425131e-01
2.535623956756578035e-01
2.583218945465603489e-01
2.622062359799126607e-01
2.649583843315212461e-01
2.688005523587195245e-01
2.735676591292600657e-01
2.771120117872944433e-01
2.799122993747508170e-01
2.838294296624895852e-01
2.886972428096890031e-01
2.935356357711267350e-01
2.977043586243304230e-01
3.009047915330205214e-01
3.036068549959581864e-01
3.064368459836642744e-01
3.100199297544621868e-01
3.145338782521253651e-01
3.194610851073736435e-01
3.240546052790995724e-01
3.274775962793018969e-01
3.303317110993950201e-01
3.341685037986792950e-01
3.389788511054094289e-01
3.438956497182962813e-01
3.480985677476601814e-01
3.511598667517089600e-01
3.541800591327242120e-01
3.583031470844859623e-01
3.636935829360927741e-01
3.698745638097937771e-01
3.754791413743686634e-01
3.799588089861543061e-01
3.840201212799079222e-01
3.885143996102913277e-01
3.942238989976264429e-01
4.003908128405762046e-01
4.054424943531641512e-01
4.097019831283739144e-01
4.141855558908397184e-01
4.187181140046302152e-01
4.230279214561550871e-01
4.279093372549850338e-01
4.338665228562874621e-01
4.401187027171308275e-01
4.461352191469488693e-01
4.521321276641553366e-01
4.581816425150324612e-01
4.641165727170390998e-01
4.701277181939619298e-01
4.765925162366997370e-01
4.824949674859949633e-01
4.863130067969442250e-01
4.888591504116295283e-01
4.916494590934792352e-01
4.948976100951255619e-01
4.982310037929185143e-01
5.006261453389212468e-01
5.019129656221877900e-01
5.039879987365984970e-01
5.072523489622057236e-01
5.095485139486920501e-01
5.107986873496103142e-01
5.131885759893221044e-01
5.164328243900733195e-01
5.185453176064710457e-01
5.197872439875275141e-01
5.216401176782913263e-01
