4.869098481388025590e-01
4.904813419284916876e-01
4.927889845412921632e-01
4.943599157334055416e-01
4.957196059285466916e-01
4.972070138548074780e-01
4.988044554405608455e-01
5.003518725370538212e-01
5.015877191661304302e-01
5.030207110814253202e-01
5.057481707069956256e-01
5.089024890306969029e-01
5.106283440110322980e-01
5.120469437514727495e-01
5.150529846203690809e-01
5.179594562323706075e-01
5.191099495779005757e-01
5.212899309405645276e-01
5.267983168213312695e-01
5.342244459010389024e-01
5.419153937456542280e-01
5.488070366948200052e-01
5.547391173431579503e-01
5.605646602029028536e-01
5.666256838606442692e-01
5.727558744096690191e-01
5.787475842562788131e-01
5.844917630731119029e-01
5.906997000279807786e-01
5.980924216543304084e-01
6.056945996876224036e-01
6.122611274261873238e-01
6.173514922153435780e-01
6.214956301695966356e-01
6.270209429302540105e-01
6.346817098080501651e-01
6.423961053342994720e-01
6.497382246178362575e-01
6.583068622882448651e-01
6.675484888084148860e-01
6.753874414072955634e-01
6.827729991809607935e-01
6.918178782499349033e-01
7.007559503122919864e-01
7.071978452491760603e-01
7.128636501729290753e-01
7.199037407090567164e-01
7.283814894312390376e-01
7.376003157100408103e-01
7.461159880443637427e-01
7.535345783031694999e-01
7.610768610772526976e-01
7.687337926813824218e-01
7.752157915539232835e-01
7.810573851034390280e-01
7.879746143726484853e-01
7.957746969239152257e-01
8.034189478396436268e-01
8.108674661618258117e-01
8.183771200303184834e-01
8.259255789071724418e-01
8.334525692123890828e-01
8.409833383900631176e-01
8.485228058077911584e-01
8.560131676856046479e-01
8.635116728800329433e-01
8.712137587633339564e-01
8.787902037151775758e-01
8.854680267213568268e-01
8.912949304719306465e-01
8.969127005516097650e-01
9.031558142737399208e-01
9.106166913676017050e-01
9.181381145779405895e-01
9.244635190024645954e-01
9.300676561045582158e-01
9.358137302197031548e-01
9.425498578652840020e-01
9.502392085927942045e-01
9.573486707330671752e-01
9.632939302011085392e-01
9.688421112497458410e-01
9.748721507132565023e-01
9.821420802879223810e-01
9.897882903849624103e-01
9.962354438196148188e-01
1.002032790020176867e+00
1.008255460800385528e+00
1.014013845937405955e+00
1.018502698217290892e+00
1.023125610108644556e+00
1.028994952957847486e+00
1.035546251122167138e+00
1.041808629283903720e+00
1.046602527905750035e+00
1.050791257923855859e+00
1.057315292503269166e+00
1.065238429021007516e+00
1.070866934046914354e+00
1.074927467215866406e+00
1.080254722122512723e+00
1.086718761913467723e+00
1.093107004508533597e+00
1.098681728619523623e+00
1.103229914370160714e+00
1.107704892510606776e+00
1.112466170044323688e+00
1.116235532082370474e+00
1.119002733700020569e+00
1.122801642475586670e+00
1.127573734863417387e+00
1.131122072843377291e+00
1.133910479210999744e+00
1.138091437764404024e+00
1.142755340122312280e+00
1.145930311247921995e+00
1.148895435510837393e+00
1.153335374727954443e+00
1.157862779001223474e+00
1.161080791739236284e+00
1.163619564657207617e+00
1.166410235906915061e+00
1.170286326503047869e+00
1.174990858365740465e+00
1.178896456571859375e+00
1.181736091915211784e+00
1.184560295915255024e+00
1.187633394505182238e+00
1.190682831150813747e+00
1.193674913166751450e+00
1.196680513938577883e+00
1.199695747466517304e+00
1.202702617096548021e+00
1.205721570739866300e+00
1.208751141372578219e+00
1.211716486078735278e+00
1.214672886610273173e+00
1.217899554503671267e+00
1.221043585330219727e+00
1.223038842157194939e+00
1.224360107024933475e+00
1.226699550968685104e+00
1.229955041986980468e+00
1.233045336242363010e+00
1.236019356237898270e+00
1.239218399717475494e+00
1.241999051882809013e+00
1.243740880758026579e+00
1.244858527870478904e+00
1.246088938128940393e+00
1.248402273640109694e+00
1.251645910050610100e+00
1.253916382397544993e+00
1.255177207441960485e+00
1.257512935392289588e+00
1.260753720082183005e+00
1.263019313190025805e+00
1.264221124311561750e+00
1.265302043916258556e+00
1.267124018589778522e+00
1.270126426884175874e+00
1.273074977591825307e+00
1.274827577606913342e+00
1.275856532085292372e+00
1.277060785135629262e+00
1.279573002578492158e+00
1.282937208559943754e+00
1.284473781467023290e+00
1.284131638818390986e+00
1.284587475804645385e+00
1.286378724891711789e+00
1.288396405651921928e+00
1.289665473022313602e+00
1.289638145813243097e+00
1.289731551873492643e+00
1.291293909639696924e+00
1.292621397427684116e+00
1.292467736017261393e+00
1.292817656127042358e+00
1.294548433448179825e+00
1.295507838771254638e+00
1.295256324663472070e+00
1.295959300861492025e+00
1.297700508711010947e+00
1.298563882881803133e+00
1.298296919585378628e+00
1.297822286792020607e+00
1.298084603267225745e+00
1.299641770312601308e+00
1.301018017966195206e+00
1.300930557802711496e+00
1.301155721713024960e+00
1.302839471651504821e+00
1.303938713892359047e+00
1.303696316511701925e+00
1.304314164068207882e+00
1.306084929811142326e+00
1.306765031459535154e+00
1.306518391346734198e+00
1.307489964714294572e+00
1.309211089249930016e+00
1.309836324061183888e+00
1.309475904295213988e+00
1.309079513414938667e+00
1.309522183909050286e+00
1.311113963790990766e+00
1.312415974394775864e+00
1.312475279414688778e+00
1.312202758614199993e+00
1.312215707387893282e+00
1.312281020805426968e+00
1.312271227101523552e+00
1.312256379627082969e+00
1.312260322328628881e+00
1.312263493834698203e+00
1.312262184865485848e+00
1.312261560475022071e+00
1.312261951877210731e+00
1.312262060733611513e+00
1.312261952093245476e+00
1.312261936982432653e+00
1.312261965418379139e+00
1.312261966219710363e+00
1.312261959146963308e+00
1.312261959663264088e+00
1.312261961336638860e+00
1.312261961039712599e+00
1.312261960664824034e+00
1.312261960776885727e+00
1.312261960855510612e+00
1.312261960819452566e+00
1.312261960804367300e+00
1.312261960814927075e+00
1.312261960817448170e+00
1.312261960814564032e+00
1.312261960814248951e+00
1.312261960814993911e+00
1.312261960814995465e+00
1.312261960814812722e+00
1.312261960814830708e+00
1.312261960814873341e+00
1.312261960814864459e+00
1.312261960814855355e+00
1.312261960814858242e+00
1.312261960814860240e+00
1.312261960814859130e+00
1.312261960814858464e+00
1.312261960814859130e+00
1.312261960814859130e+00
1.312261960814859130e+00
1.312261960814859352e+00
1.312261960814859130e+00
1.312261960814859130e+00
1.312261960814858908e+00
1.312261960814859130e+00
1.312261960814859130e+00
1.312261960814859130e+00
1.312261960814859130e+00
1.312261960814858908e+00
1.312261960814859352e+00
1.312261960814859130e+00
1.312261960814859130e+00
1.312261960814859352e+00
1.312261960814859130e+00
1.312261960814859130e+00
1.312261960814859130e+00
1.312261960814859352e+00
1.312261960814859352e+00
1.312261960814859130e+00
1.312261960814859352e+00
1.312261960814858908e+00
1.312261960814859352e+00
1.312261960814858908e+00
1.312261960814858908e+00
1.312261960814858908e+00
1.312261960814859352e+00
1.312261960814858908e+00
1.312261960814859130e+00
1.312261960814859130e+00
1.312261960814859130e+00
1.312261960814859352e+00
1.312261960814859130e+00
1.312261960814859130e+00
1.312261960814859130e+00
1.312261960814859352e+00
1.312261960814859130e+00
1.312261960814859130e+00
1.312261960814859130e+00
1.312261960814859352e+00
1.312261960814859130e+00
1.312261960814859130e+00
1.312261960814859130e+00
1.312261960814859130e+00
1.312261960814858908e+00
1.312261960814859352e+00
1.312261960814859352e+00
1.312261960814859352e+00
1.312261960814859130e+00
1.312261960814859352e+00
1.312261960814859130e+00
1.312261960814859130e+00
1.312261960814858686e+00
1.312261960814859130e+00
1.312261960814859130e+00
1.312261960814859352e+00
1.312261960814859130e+00
1.312261960814859130e+00
1.312261960814859352e+00
1.312261960814859352e+00
1.312261960814859130e+00
1.312261960814859130e+00
1.312261960814859352e+00
1.312261960814859352e+00
1.312261960814859130e+00
1.312261960814859130e+00
1.312261960814859352e+00
1.312261960814859352e+00
1.312261960814858908e+00
1.312261960814858908e+00
1.312261960814859130e+00
1.312261960814859352e+00
1.312261960814859796e+00
1.312261960814859352e+00
1.312261960814859352e+00
1.312261960814859130e+00
1.312261960814859130e+00
1.312261960814859130e+00
1.312261960814859130e+00
1.312261960814859130e+00
1.312261960814859130e+00
1.312261960814859130e+00
1.312261960814859130e+00
1.312261960814859130e+00
1.312261960814858908e+00
1.312261960814859130e+00
1.312261960814859130e+00
1.312261960814859130e+00
1.312261960814859130e+00
1.312261960814859352e+00
1.312261960814858464e+00
1.312261960814858019e+00
1.312261960814861350e+00
1.312261960814862460e+00
1.312261960814848250e+00
1.312261960814848916e+00
1.312261960814908202e+00
1.312261960814879114e+00
1.312261960814651740e+00
1.312261960814867345e+00
1.312261960815694462e+00
1.312261960814435469e+00
1.312261960811644812e+00
1.312261960818107420e+00
1.312261960826631491e+00
1.312261960796142768e+00
1.312261960774332437e+00
1.312261960909282710e+00
1.312261960942361583e+00
1.312261960376178260e+00
1.312261960474061517e+00
1.312261962734076137e+00
1.312261961389695308e+00
1.312261952822656896e+00
1.312261962062763132e+00
1.312261992630863405e+00
1.312261940760694801e+00
1.312261839813699593e+00
1.312262099720320485e+00
1.312262397751109422e+00
1.312261193000209936e+00
1.312260485279729938e+00
1.312265742323072137e+00
1.312266460270997470e+00
1.312244684120143390e+00
1.312250725822221575e+00
1.312336552554320468e+00
1.312275697413033182e+00
1.311954929428437167e+00
1.312346238232539264e+00
1.314007361830755727e+00
1.315174408270987749e+00
1.314971012159949382e+00
1.315452182211017895e+00
1.317207703183952194e+00
1.318041298076302992e+00
1.317784635088779410e+00
1.318606886992499172e+00
1.320346115519488883e+00
1.321106509073417534e+00
1.320793866844331310e+00
1.320342561341189658e+00
1.320691482843523890e+00
1.322298448413044225e+00
1.323591829275436949e+00
1.323472094076330263e+00
1.323750458234452365e+00
1.325391814720368489e+00
1.326638346598841833e+00
1.326602565046274051e+00
1.326092629230890108e+00
1.326049869979165408e+00
1.327294285293187492e+00
1.328939374249023864e+00
1.329200837682527725e+00
1.329089127116178437e+00
1.330475508141546470e+00
1.331990169358963971e+00
1.331978253876975549e+00
1.332095852025395155e+00
1.333663335535067107e+00
1.335034185390901573e+00
1.335093572932307904e+00
1.334586680890889276e+00
1.334457853512436731e+00
1.335575388120193496e+00
1.337272470124413637e+00
1.337679890733814547e+00
1.337498631985919006e+00
1.338752009653601860e+00
1.340360296832369347e+00
1.340442856377870529e+00
1.340466939308151639e+00
1.342019804453283838e+00
1.343362247568490986e+00
1.343267206463421903e+00
1.343456417468463782e+00
1.344954409415795693e+00
1.346895319189525875e+00
1.348458306640304860e+00
1.349126070013523027e+00
1.348992361284701014e+00
1.348659016066941385e+00
1.348765677662877360e+00
1.349845490207466359e+00
1.351603478556185012e+00
1.353394137263439934e+00
1.354570812672533098e+00
1.354758225892356949e+00
1.354439788332396644e+00
1.354257730021817041e+00
1.354823716631320618e+00
1.356317156393959555e+00
1.358249549003595513e+00
1.359839412239897349e+00
1.360159335031740468e+00
1.359995948642364727e+00
1.361190168451926974e+00
1.362833997552022058e+00
1.362996208176013857e+00
1.362953479186604477e+00
1.364437939348356332e+00
1.365862948591529680e+00
1.365821785107083741e+00
1.365936017401011116e+00
1.367371708098872096e+00
1.369310055149963956e+00
1.370911139840330861e+00
1.371659268748570248e+00
1.371564582456119563e+00
1.371159034806905375e+00
1.371223601455227259e+00
1.372507270397757440e+00
1.374108566268767984e+00
1.374592594449632221e+00
1.374226262738259985e+00
1.373874082824390275e+00
1.374394210713988151e+00
1.376005636952833289e+00
1.377268264035597101e+00
1.377321957009554509e+00
1.376855086071823830e+00
1.376735724281903384e+00
1.377783640356121886e+00
1.379465727181744761e+00
1.380149241592274034e+00
1.379917356828619823e+00
1.379854485313005474e+00
1.379880641455146773e+00
1.379613137373797871e+00
1.379913370543600859e+00
1.381449110119823853e+00
1.382841338495094385e+00
1.382992269871528901e+00
1.382531390590607367e+00
1.382340076974021059e+00
1.383262950086645127e+00
1.384959005165375956e+00
1.385774691638974154e+00
1.385578003970131755e+00
1.385486048543580040e+00
1.385528756986397214e+00
1.385244715511183333e+00
1.385454822245534734e+00
1.387008005296511026e+00
1.388368245250651833e+00
1.388275809280294704e+00
1.388505928546341694e+00
1.390129262686341738e+00
1.391409297106460441e+00
1.391396476579683128e+00
1.390908451808370749e+00
1.390848782329055178e+00
1.391961918802059550e+00
1.393623004407091637e+00
1.394310877634923340e+00
1.394024305715394041e+00
1.393613216030214152e+00
1.393936370158815441e+00
1.395444040370739769e+00
1.396873287849451195e+00
1.397094264161037991e+00
1.396642830584694295e+00
1.396393206008420762e+00
1.397277764246855236e+00
1.399014469488477408e+00
1.399699948956941720e+00
1.399458663907924949e+00
1.400378382982679470e+00
1.402105265022949299e+00
1.402731861638591093e+00
1.402438417128121229e+00
1.402298357175550958e+00
1.402405278192737414e+00
1.402508062422790136e+00
1.402355553414395661e+00
1.402072458737487315e+00
1.402749365724060615e+00
1.404484886083708695e+00
1.405344428016711333e+00
1.405095459590146367e+00
1.405858399991833707e+00
1.407601662533271236e+00
1.408345703538596450e+00
1.408091448980360871e+00
1.408016356984775008e+00
1.408048869504528788e+00
1.407783647683907402e+00
1.408084180229298710e+00
1.409620978034604732e+00
1.411011821277974754e+00
1.411160823633278882e+00
1.410699492252885268e+00
1.410509511616638401e+00
1.411434922833338490e+00
1.413130864016365340e+00
1.413943902080749382e+00
1.413746425560147513e+00
1.413655319825300127e+00
1.413697640787589638e+00
1.413412781492227044e+00
1.413625470472539503e+00
1.415182308722639615e+00
1.416537708027467257e+00
1.416436870022578454e+00
1.416682712341698958e+00
1.418329178863328988e+00
1.419543079120511475e+00
1.419467015864075199e+00
1.419269053061066987e+00
1.419340349814381730e+00
1.419117874485938069e+00
1.419097908496974370e+00
1.420402533222725028e+00
1.421998565999247566e+00
1.422148527088427539e+00
1.422111477337745677e+00
1.423551834215632139e+00
1.425041075416639380e+00
1.425174604535792255e+00
1.424906514807324331e+00
1.424965596775662702e+00
1.424830217938846344e+00
1.424649497440011237e+00
1.425638437371947953e+00
1.427361208572772044e+00
1.427851581128406933e+00
1.427646753413313485e+00
1.428771933010246409e+00
1.430447799706626055e+00
1.430883135121181038e+00
1.430566777847160909e+00
1.430495292448562328e+00
1.430581244000153740e+00
1.430589777560411724e+00
1.430567678324081271e+00
1.430567825893701572e+00
1.430573230618470637e+00
1.430572649176788724e+00
1.430571392979095524e+00
1.430571664416853128e+00
1.430571940064195191e+00
1.430571844267587434e+00
1.430571787989966870e+00
1.430571817716483451e+00
1.430571828097328968e+00
1.430571819612533879e+00
1.430571817994607642e+00
1.430571820265770233e+00
1.430571820427389618e+00
1.430571819851051307e+00
1.430571819869773886e+00
1.430571820008422534e+00
1.430571819989469695e+00
1.430571819960018587e+00
1.430571819968162073e+00
1.430571819964866043e+00
1.430571819965269276e+00
1.430571820003915473e+00
1.430571819975275716e+00
1.430571819826439439e+00
1.430571820012980666e+00
1.430571820533326877e+00
1.430571819527189037e+00
1.430571817858667050e+00
1.430571822766385948e+00
1.430571827452245648e+00
1.430571805157542009e+00
1.430571795362736598e+00
1.430571891026913622e+00
1.430571891625431302e+00
1.430571501448540728e+00
1.430571660445064230e+00
1.430573174012604643e+00
1.430571877995928887e+00
1.430566324200996942e+00
1.430574131385638825e+00
1.430593148814944149e+00
1.430552298675686673e+00
1.430492950512615158e+00
1.430688258723821660e+00
1.430846783989436544e+00
1.429917988547223739e+00
1.428225556810706065e+00
1.427398845364620694e+00
1.427635318538757137e+00
1.428080236977727235e+00
1.427856496428045796e+00
1.426403553967689142e+00
1.424919143260237941e+00
1.424678673884628211e+00
1.424969725752268657e+00
1.424993451054682669e+00
1.424929822915852240e+00
1.424945325560541987e+00
1.424908639384539377e+00
1.424869266603566498e+00
1.425107893084009092e+00
1.425160761281116573e+00
1.424019232065790064e+00
1.422362632735308718e+00
1.421752629818238356e+00
1.422082405521108095e+00
1.422478645072998260e+00
1.422064257888070005e+00
1.420484281658925374e+00
1.419161365344153269e+00
1.419086861411364087e+00
1.419359581616630006e+00
1.419346583405078688e+00
1.419295450892929855e+00
1.419313025462583422e+00
1.419260953583131979e+00
1.419250025851430674e+00
1.419524644840461924e+00
1.419440473969914684e+00
1.418105732610454028e+00
1.416532789384847391e+00
1.416132818709040508e+00
1.416530772360412804e+00
1.416849586126439187e+00
1.416237046850398196e+00
1.414595056526700700e+00
1.413412439419846844e+00
1.413421688231154993e+00
1.413903510687968268e+00
1.413969045993402229e+00
1.412784730279402767e+00
1.411123811532735361e+00
1.410724971496365887e+00
1.410898165499532730e+00
1.409937652313618006e+00
1.408057453042348195e+00
1.406183600649500098e+00
1.405171476123978636e+00
1.405265201550091714e+00
1.405047743797927629e+00
1.403618445963354278e+00
1.401653942732384195e+00
1.400013306512943645e+00
1.399499940527818342e+00
1.399674501177789576e+00
1.398983382955060417e+00
1.397243977621404731e+00
1.395280263607145965e+00
1.394007655932208989e+00
1.394019083975397644e+00
1.393934268571145774e+00
1.392439999441322795e+00
1.391003698970774582e+00
1.390891027609273189e+00
1.391192303652427409e+00
1.391189387013932244e+00
1.391115884684347437e+00
1.391124071609823210e+00
1.391140804375451401e+00
1.391136985546541860e+00
1.391134677335759129e+00
1.391135694697114511e+00
1.391130765885129739e+00
1.391133963703641951e+00
1.391155291834054619e+00
1.391131238770210166e+00
1.391055115136645703e+00
1.391189121885494373e+00
1.391438604829041914e+00
1.390758980957760071e+00
1.389070596810158653e+00
1.388051660999999992e+00
1.388180954439963033e+00
1.388397119961133130e+00
1.388343064168365837e+00
1.388296497990122225e+00
1.388314750414032961e+00
1.388324025221937541e+00
1.388318508816605013e+00
1.388316861765052979e+00
1.388318405525165833e+00
1.388318643589467660e+00
1.388318236823531393e+00
1.388318220135631442e+00
1.388318321927591636e+00
1.388318315756438937e+00
1.388318291528862769e+00
1.388318295506365097e+00
1.388318300939573424e+00
1.388318299395195687e+00
1.388318298382288596e+00
1.388318298825988562e+00
1.388318298491337366e+00
1.388318298829238628e+00
1.388318300840505559e+00
1.388318297962962244e+00
1.388318290965473434e+00
1.388318306178280226e+00
1.388318327959061182e+00
1.388318255335660112e+00
1.388318197528755515e+00
1.388318521844497333e+00
1.388318622947420700e+00
1.388317251669993091e+00
1.388317402947214729e+00
1.388322918142924411e+00
1.388320004713539779e+00
1.388298925576926246e+00
1.388319967358517149e+00
1.388395945856216063e+00
1.388275116307439161e+00
1.388020864437734536e+00
1.388644730091867396e+00
1.390308978063483636e+00
1.391430000499599862e+00
1.391361103336126392e+00
1.390869345599600848e+00
1.390865653136101221e+00
1.392155188032715651e+00
1.393772630717034833e+00
1.393998246735506985e+00
1.393908379892924598e+00
1.395250852520386609e+00
1.396828662497737739e+00
1.397130295287821733e+00
1.396668087632288113e+00
1.396380613271970494e+00
1.397190425892925969e+00
1.398927172747546965e+00
1.399707637926868475e+00
1.399463301517156255e+00
1.400272842949553231e+00
1.402008645939375242e+00
1.402793018108259071e+00
1.402494248569665203e+00
1.402037453724590765e+00
1.402361129891867009e+00
1.403953016108890894e+00
1.405272600678546313e+00
1.405168336909778493e+00
1.405418399596627621e+00
1.407046950007605490e+00
1.408317980390013435e+00
1.408300655830494907e+00
1.407792161863890446e+00
1.407731605999977154e+00
1.408945663453724295e+00
1.410603024677516304e+00
1.410914000837444782e+00
1.410777553559509512e+00
1.412058350155676267e+00
1.413663681090544966e+00
1.413961392618854118e+00
1.413640565279070671e+00
1.413601482103611584e+00
1.413684813935563334e+00
1.413685917718047858e+00
1.413665339186379821e+00
1.413667142707029756e+00
1.413671975156014504e+00
1.413671039533950013e+00
1.413669966243175757e+00
1.413670308645390339e+00
1.413670531262449792e+00
1.413670422851291741e+00
1.413670380817394490e+00
1.413670412212980398e+00
1.413670419045733428e+00
1.413670410546720824e+00
1.413670409761144775e+00
1.413670411933154236e+00
1.413670411897084200e+00
1.413670411398725957e+00
1.413670411480732136e+00
1.413670411458583187e+00
1.413670411402787153e+00
1.413670411981821529e+00
1.413670411857738340e+00
1.413670409458392951e+00
1.413670411010181205e+00
1.413670420066975852e+00
1.413670409725736432e+00
1.413670377663469147e+00
1.413670434794036979e+00
1.413670539562832396e+00
1.413670256250436408e+00
1.413669952265200758e+00
1.413671255465320575e+00
1.413671947835590137e+00
1.413666297101551450e+00
1.413665801160247870e+00
1.413689073158166165e+00
1.413681496755282430e+00
1.413590310884504930e+00
1.413659870225566273e+00
1.413998392476647936e+00
1.413562450705519113e+00
1.411826562248686301e+00
1.410812704253101568e+00
1.411233407379141713e+00
1.410075926773686650e+00
1.406694435187358039e+00
1.404558234050018450e+00
1.404817929166747748e+00
1.405809686697877536e+00
1.405678263512323056e+00
1.402934720271357127e+00
1.399806780515709281e+00
1.399538400021516749e+00
1.399592256999023787e+00
1.396743367729663010e+00
1.393706196974685563e+00
1.393264798341667499e+00
1.394224602616946029e+00
1.394708546222338086e+00
1.392896595323056763e+00
1.389428053856127887e+00
1.388087799796123623e+00
1.388563020628307276e+00
1.386725214321741229e+00
1.383272869970680441e+00
1.381896412142040065e+00
1.382574191222614379e+00
1.383441601299425505e+00
1.382621669078511140e+00
1.379342059324776715e+00
1.376886756075241580e+00
1.377193898587194321e+00
1.376495559145601844e+00
1.373156824837755696e+00
1.370787766237317129e+00
1.370947611466068583e+00
1.371962588090405610e+00
1.371955638805424149e+00
1.369360298303722301e+00
1.366133276212337933e+00
1.365694456761590514e+00
1.365866678464146222e+00
1.363169974076180013e+00
1.360022942478758656e+00
1.359435825708397605e+00
1.360350014666827256e+00
1.360897629373291062e+00
1.359328525446890090e+00
1.355919933299650548e+00
1.354089940169741491e+00
1.354430916094660375e+00
1.354101143488837478e+00
1.352334511952173690e+00
1.350223470691054972e+00
1.348933846427014416e+00
1.349210214471145308e+00
1.348942034933788170e+00
1.345973111072807926e+00
1.343093771069875375e+00
1.342895942833302270e+00
1.343208184582435294e+00
1.341992719500114450e+00
1.339383465959462782e+00
1.336202190864599126e+00
1.333834975624943686e+00
1.332474826743904162e+00
1.331077055342782423e+00
1.329520093060032382e+00
1.328286623374775210e+00
1.326661955698783979e+00
1.323680288891246226e+00
1.320718839596583205e+00
1.319245004322074033e+00
1.317594224757932198e+00
1.314465891726602553e+00
1.311724222586358124e+00
1.310349609100917467e+00
1.308619549174056873e+00
1.305595323292058740e+00
1.301847602718569474e+00
1.298743897427275806e+00
1.298063231146778573e+00
1.298356420385720522e+00
1.296416062471346109e+00
1.292884300787053409e+00
1.289825994869481240e+00
1.286807941522004839e+00
1.283253380491214735e+00
1.281137716401525406e+00
1.281381783160789434e+00
1.280825243879328834e+00
1.277785127722499636e+00
1.274236187260750164e+00
1.271275187334709678e+00
1.268456273591973549e+00
1.265430820656471056e+00
1.262094421323408211e+00
1.259162137347322297e+00
1.257564331688809656e+00
1.256072568546275914e+00
1.253117942794658601e+00
1.250148337731030068e+00
1.248634732619938736e+00
1.247073623330030578e+00
1.244201481862369674e+00
1.240710182229268321e+00
1.237521133661286354e+00
1.235448309371488307e+00
1.234126777951847220e+00
1.231947687293554639e+00
1.228736727699474063e+00
1.225481560281215021e+00
1.222563372372318380e+00
1.219883455746445966e+00
1.216620452809639152e+00
1.212110292802635936e+00
1.207665989039536036e+00
1.204485794764458273e+00
1.201777445920465537e+00
1.198793307177870027e+00
1.195657444660826574e+00
1.192604285486732030e+00
1.189843790994275174e+00
1.186922837323219460e+00
1.182811994717557935e+00
1.178128886384938623e+00
1.174530179190384382e+00
1.171777821467534286e+00
1.168818968433038563e+00
1.165785781670092058e+00
1.162984130388607484e+00
1.159658788269574137e+00
1.155254245660332080e+00
1.150487870387693734e+00
1.145947654748054267e+00
1.141561223983575069e+00
1.137094672207557444e+00
1.132240389778936596e+00
1.127633480033064073e+00
1.124600039612297486e+00
1.121696937306913222e+00
1.116153019174152439e+00
1.109928255585586943e+00
1.106344866652381853e+00
1.103707896512921005e+00
1.099532601892089012e+00
1.094569597995514565e+00
1.089923507279382919e+00
1.085741621617730024e+00
1.081504262522986481e+00
1.075845297300001224e+00
1.069445441102298666e+00
1.065402599031448627e+00
1.062824143971955682e+00
1.057651233900742671e+00
1.051259463255886262e+00
1.047674418299513022e+00
1.044915771192828746e+00
1.039434858951476803e+00
1.033011701792327930e+00
1.028122134373112173e+00
1.024197034252819938e+00
1.020040311764627949e+00
1.014481716913966824e+00
1.008020450923914790e+00
1.003693913190581100e+00
1.001163446840656723e+00
9.963047267660283257e-01
9.898226246499488568e-01
9.859389342965172442e-01
9.833020493170796517e-01
9.780860913944167123e-01
9.716060492907414581e-01
9.665604320393357263e-01
9.625944465155520380e-01
9.585121046966860181e-01
9.531262767600370278e-01
9.466269267204792115e-01
9.419983392224275942e-01
9.394762985544635736e-01
9.349436105784405537e-01
9.284154722793112047e-01
9.242150619341531481e-01
9.216570819989995389e-01
9.167252322541976639e-01
9.102197691137965396e-01
9.050104602283388644e-01
9.009907768052918264e-01
8.969647185367815023e-01
8.917604892517625448e-01
8.852783744377688002e-01
8.802994689450229782e-01
8.776693245551092648e-01
8.737150762769652079e-01
8.673777345092852364e-01
8.616688708218283033e-01
8.573892556832858336e-01
8.530559963663819634e-01
8.484652680767781341e-01
8.441890852527484945e-01
8.395341919909067308e-01
8.335904212348748121e-01
8.275714557420621453e-01
8.228216484302535161e-01
8.186045338216136891e-01
8.141119205870896991e-01
8.095223025810900364e-01
8.050117481624583515e-01
8.004943528294308219e-01
7.959631976157146571e-01
7.915260294262911334e-01
7.870244409419371312e-01
7.821589338158554394e-01
7.777271549842472709e-01
7.748203686183674499e-01
7.716892010665268309e-01
7.661284048650554013e-01
7.597561661210241457e-01
7.547152531951992760e-01
7.510815106453252454e-01
7.482157483779836582e-01
7.448309862914335167e-01
7.403271305041436712e-01
7.353416237462198080e-01
7.307364318162741235e-01
7.273992059554410528e-01
7.245555003139498851e-01
7.203646270240313676e-01
7.157019072967485407e-01
7.125187682136917555e-01
7.095568616055263345e-01
7.050486118090530940e-01
7.006326741032524730e-01
6.977441460789908234e-01
6.944439868290175344e-01
6.897151321462973161e-01
6.856965631611025014e-01
6.829420703195270281e-01
6.792233553143958158e-01
6.744492112240059178e-01
6.707968853065016113e-01
6.680164485793702589e-01
6.642024489572020407e-01
6.593709531488671782e-01
6.545085881990939658e-01
6.502796550125524710e-01
6.470280774392871415e-01
6.443042661908764401e-01
6.414876278003591725e-01
6.380293705607438248e-01
6.336381089665472643e-01
6.285054108864496225e-01
6.236924711571272262e-01
6.212070074006894593e-01
6.200868879052308102e-01
6.168052542252713266e-01
6.118533010015827500e-01
6.081306310013649963e-01
6.054727304225526741e-01
6.025228207620334508e-01
5.994844711312670160e-01
5.967188727175598562e-01
5.932925490377973787e-01
5.887177804298151518e-01
5.843175257442585480e-01
5.811269940646459631e-01
5.791927008930310983e-01
5.778427235546448326e-01
5.757072770907265546e-01
5.725290143703534174e-01
5.690687337094699760e-01
5.661895323889594156e-01
5.645542617688810161e-01
5.630901797640810447e-01
5.603952746821247999e-01
5.571155540738612633e-01
5.541277831798869791e-01
5.510578039633202696e-01
5.478094938047440854e-01
5.454670973570799886e-01
5.441383461875808347e-01
5.421757387818546547e-01
5.390474959292675949e-01
5.356381562722360989e-01
5.326722689055434223e-01
5.306219099332744049e-01
5.293305827678258524e-01
5.282339655122753053e-01
5.264180549376800133e-01
5.233200591113446043e-01
5.205014530782207105e-01
5.191064180301965258e-01
5.173397437270810251e-01
5.142030329343835193e-01
5.114247797453236322e-01
5.099338601535283733e-01
5.090054774547276839e-01
5.075760095498862423e-01
5.045500799924421687e-01
5.014076931092604772e-01
5.009688117452331113e-01
5.011567643089860358e-01
4.983989673909723361e-01
4.953532464300591798e-01
4.953124127354207040e-01
4.951690427755681689e-01
4.922166254941158225e-01
4.890670257367811802e-01
4.875548628582020427e-01
4.864114589957780899e-01
4.848712022122820819e-01
4.832792728507383506e-01
4.817903959004710135e-01
4.803106378095710616e-01
4.787977166012465924e-01
4.772594666676549524e-01
4.757722456137166711e-01
4.743766791744915556e-01
4.727555110610950351e-01
4.708582613870958555e-01
4.700049480140421343e-01
4.704788148316578766e-01
4.693025006893729589e-01
4.658229219970679846e-01
4.641037388960786991e-01
4.646038419951161735e-01
4.630707102417850329e-01
4.595920387352399050e-01
4.579623624887058098e-01
4.585366369430012856e-01
4.594630409427822304e-01
4.588638944020693167e-01
4.557113870635739472e-01
4.530215399586844383e-01
4.531973057826722551e-01
4.527527574495393559e-01
4.495231228429688031e-01
4.469321970253455900e-01
4.469285788714071339e-01
4.479451411816397499e-01
4.481023511537878257e-01
4.457220565778280408e-01
4.423850022873759835e-01
4.417182667799169904e-01
4.420135662524721232e-01
4.394517151701603508e-01
4.362559112819242024e-01
4.358148663878810281e-01
4.361825016518361409e-01
4.349901957995504498e-01
4.328801282546561602e-01
4.310470299607886968e-01
4.306512117970504594e-01
4.310660125130432174e-01
4.292500327040769115e-01
4.257733428286080701e-01
4.247374642005596335e-01
4.251660292121334228e-01
4.229054517752693920e-01
4.195632444112296633e-01
4.188649267201552950e-01
4.193034450201759689e-01
4.182630871732442301e-01
4.161889438452722745e-01
4.142770280265521410e-01
4.137091471425236588e-01
4.141745853049221826e-01
4.126605891826428674e-01
4.091582620162436679e-01
4.077986849391516122e-01
4.082914312780014376e-01
4.063415319210086363e-01
4.029032379246536566e-01
4.019281339206057235e-01
4.024043306409126330e-01
4.015227337345131375e-01
3.994997970289032030e-01
3.975325656295823906e-01
3.967716097683283150e-01
3.972151108656076235e-01
3.961050703419351504e-01
3.927420960962307306e-01
3.905721755004420426e-01
3.907909519143590305e-01
3.914253764297315197e-01
3.913464380887551886e-01
3.903574881200929103e-01
3.886727508066396553e-01
3.867877983531874397e-01
3.855337822320481500e-01
3.855013871573780837e-01
3.854602652776219496e-01
3.841971693865334769e-01
3.822961220675610838e-01
3.805952081527551045e-01
3.796855278529208122e-01
3.796856443533464520e-01
3.800260897597619314e-01
3.800774477473764512e-01
3.792508099268956934e-01
3.775937108911377460e-01
3.756820436251924189e-01
3.743314995259668376e-01
3.742111537406678234e-01
3.742458126539727759e-01
3.730935659236726543e-01
3.712137291090579216e-01
3.694658545967506313e-01
3.684590909059551334e-01
3.683931747180936855e-01
3.687282560249582897e-01
3.688348645899228173e-01
3.681073034204015992e-01
3.665069091459040584e-01
3.645890498698413640e-01
3.631434791000948126e-01
3.629208865096058001e-01
3.630169282846879009e-01
3.619817921611610534e-01
3.601329588635439061e-01
3.583508856737533943e-01
3.572384807925957917e-01
3.570752175715402599e-01
3.574574972692028951e-01
3.576915012031916530e-01
3.567865177330352133e-01
3.550474533012248912e-01
3.544167180187006161e-01
3.546590518849090934e-01
3.536203795906196490e-01
3.519131580054200015e-01
3.516429265856408359e-01
3.517553507985432537e-01
3.503409614398599881e-01
3.488516555989447099e-01
3.488918892838593910e-01
3.487387153421209196e-01
3.471480079111388117e-01
3.458098093611805535e-01
3.457791966729038546e-01
3.462885006393769394e-01
3.463930877987106416e-01
3.452374883974858588e-01
3.435535308948454158e-01
3.431904878542729187e-01
3.433535208682634843e-01
3.420566612164203657e-01
3.404758328824976643e-01
3.404345035930700369e-01
3.403693183787615539e-01
3.387703996633919523e-01
3.375016865740257943e-01
3.376774105225173184e-01
3.372840555159851150e-01
3.355901054440727505e-01
3.344645122850816721e-01
3.345876137825100627e-01
3.350749435208065230e-01
3.350244190640003783e-01
3.337481249428428942e-01
3.321413897619047151e-01
3.316857257798348502e-01
3.319741368959335248e-01
3.320728695287196164e-01
3.319659922280987496e-01
3.318835894592649383e-01
3.320531001971624985e-01
3.322792790985312772e-01
3.315367992001865272e-01
3.298515204723215799e-01
3.288407091011066874e-01
3.289781804851090175e-01
3.294476587800386769e-01
3.293697314203221649e-01
3.280531894892110278e-01
3.264674710329845131e-01
3.260801049984457523e-01
3.263483127391367811e-01
3.263381258763667359e-01
3.263779789452795344e-01
3.266333983275561126e-01
3.260363038159336813e-01
3.243601795668008547e-01
3.232759300743324737e-01
3.233758485386776238e-01
3.236067939933308657e-01
3.235586413366353664e-01
3.235077573503966630e-01
3.235249480783628506e-01
3.235353928180398353e-01
3.235300234945399644e-01
3.235280813906274422e-01
3.235296212129576410e-01
3.235299282802837073e-01
3.235295147902536583e-01
3.235294828770010067e-01
3.235295869962929727e-01
3.235295828622124503e-01
3.235295630857670246e-01
3.235295697276502902e-01
3.235295504967783953e-01
3.235295455905079498e-01
3.235296483436204684e-01
3.235296202734903037e-01
3.235292103787477114e-01
3.235294996841998616e-01
3.235310331647850979e-01
3.235291697292607682e-01
3.235237913968070367e-01
3.235339122275122103e-01
3.235512691669901741e-01
3.235016373135923828e-01
3.234523345600224808e-01
3.236787274761148137e-01
3.237850458290221778e-01
3.227209419661864476e-01
3.210417209223886403e-01
3.204042029053393303e-01
3.206671964700911759e-01
3.208123027407224215e-01
3.207155853347918861e-01
3.206096020652469125e-01
3.207469348532291931e-01
3.210417494417814877e-01
3.204200264962089872e-01
3.186926456560807974e-01
3.177714253205112804e-01
3.180160653312739116e-01
3.173156591095457890e-01
3.155718092098936389e-01
3.147715568393864571e-01
3.150122300343426440e-01
3.151022850058656788e-01
3.150620507595185971e-01
3.153242034213946110e-01
3.150675877821056403e-01
3.135607014124096592e-01
3.121326940471469968e-01
3.119437482976553100e-01
3.123981044172731703e-01
3.126140958301352746e-01
3.117389142129940449e-01
3.100419632302314765e-01
3.091764889312508258e-01
3.093573094197981654e-01
3.094641542358838038e-01
3.094150555359730381e-01
3.096877679302960651e-01
3.095216073452516370e-01
3.080214096888508335e-01
3.065957192667966291e-01
3.065877528796731588e-01
3.065234704238760655e-01
3.051518733521773608e-01
3.032337960892239059e-01
3.016071247792703747e-01
3.007327022858522492e-01
3.007525903378082122e-01
3.014134193730128586e-01
3.014432088616220695e-01
2.990372864654670115e-01
2.957638870725911029e-01
2.947175628941053893e-01
2.953242170750233209e-01
2.957148436706513173e-01
2.952937226339656385e-01
2.939800533539450034e-01
2.921443767542871717e-01
2.903924434085375927e-01
2.896326204791576653e-01
2.898046579285182833e-01
2.893355741763181110e-01
2.877160104549120745e-01
2.857471861741094910e-01
2.842907223397783678e-01
2.840412573774416805e-01
2.841498137286780357e-01
2.831749927661519339e-01
2.813139644697348341e-01
2.794192338107295281e-01
2.784220265908660119e-01
2.785884483538352829e-01
2.782174824490820653e-01
2.765514008223092790e-01
2.753969712275639026e-01
2.754925976854776248e-01
2.756750314029673410e-01
2.756055741364616396e-01
2.758383754417782496e-01
2.758331016341236674e-01
2.744931544709635074e-01
2.729207062453146149e-01
2.728057612286723388e-01
2.728153558301317783e-01
2.713507524694926953e-01
2.698798989673421578e-01
2.697506378102345059e-01
2.700718338610539893e-01
2.700874126186836310e-01
2.699521780232306822e-01
2.699180363209368605e-01
2.701993001614486634e-01
2.702577153988579561e-01
2.690254946983018369e-01
2.673852960571380111e-01
2.671432053795920747e-01
2.672420913916178642e-01
2.658859969525813050e-01
2.643297173254474108e-01
2.641171375921138598e-01
2.644018470472146443e-01
2.643595148308662823e-01
2.644506586587112018e-01
2.646481340796402182e-01
2.638350868375706759e-01
2.621391468769716515e-01
2.612137376010701950e-01
2.614037177022485725e-01
2.618650493559824266e-01
2.617160469658562638e-01
2.603252009343474671e-01
2.587884051467418400e-01
2.584878833349619764e-01
2.587530919285547237e-01
2.587205417878761238e-01
2.587957054385299216e-01
2.590500810678045829e-01
2.583056895008190024e-01
2.565620847657658632e-01
2.558007405111700217e-01
2.560504369654048595e-01
2.551840329785328154e-01
2.534483665602076941e-01
2.527994974985013354e-01
2.530715946020873353e-01
2.531151357885659259e-01
2.531037416387576511e-01
2.533975417340630365e-01
2.529827135041390895e-01
2.513088611420940532e-01
2.501805343411383498e-01
2.503861008382663456e-01
2.498941951890524815e-01
2.481707356666459918e-01
2.471841805838211892e-01
2.473659973758225439e-01
2.475008092426866924e-01
2.474419401345167024e-01
2.477099314792737261e-01
2.475746335582092450e-01
2.460854002635220472e-01
2.446453359627497326e-01
2.446771874609511288e-01
2.445356726447155404e-01
2.429619845832042269e-01
2.416036689962618444e-01
2.415526957486164861e-01
2.420385206126035582e-01
2.421510804954898344e-01
2.411188181722929702e-01
2.394432883349721375e-01
2.386683270965188619e-01
2.389177218641203027e-01
2.393544182294323752e-01
2.390998680442663060e-01
2.376165266674778453e-01
2.361630937849655276e-01
2.359740624054659230e-01
2.362282942895434501e-01
2.361774597196000247e-01
2.362923025971073732e-01
2.365069109658197166e-01
2.356149870069695895e-01
2.338766408580276734e-01
2.332790398784367891e-01
2.335096625953150817e-01
2.324832332951324299e-01
2.307776539987819731e-01
2.302702878692206578e-01
2.305612504247409045e-01
2.305771041394736320e-01
2.305881379714670443e-01
2.308478241033192768e-01
2.303424753885954246e-01
2.287057871145871113e-01
2.274956408798180507e-01
2.275055436016147348e-01
2.279771604137323937e-01
2.280386330271116924e-01
2.269280960321006790e-01
2.252662504908691798e-01
2.245786830183770788e-01
2.248661636167849087e-01
2.252776531100885160e-01
2.249528608031143850e-01
2.234424855803958110e-01
2.220168441357015521e-01
2.218035855301691561e-01
2.222409931573038344e-01
2.224690358107186960e-01
2.216514078071026295e-01
2.199710013065729330e-01
2.189812889389456396e-01
2.191202153566174093e-01
2.196030254020787664e-01
2.195171678208323041e-01
2.181221010820811324e-01
2.165768100903721627e-01
2.164708493731792860e-01
2.164748120126138153e-01
2.150251724110635032e-01
2.135280180433231090e-01
2.133333385508217050e-01
2.138182193640081885e-01
2.140440777753885304e-01
2.131062258006061749e-01
2.113749097406716904e-01
2.107414600921885262e-01
2.109744629935674243e-01
2.100195527014490082e-01
2.082987196066523605e-01
2.076423462157570565e-01
2.079936628648026420e-01
2.084187244641912407e-01
2.079791002575727132e-01
2.063254435672902121e-01
2.051299216878585407e-01
2.052975546909544535e-01
2.049142248599870597e-01
2.032334074610538388e-01
2.020785082038992209e-01
2.021782849565162410e-01
2.026849369841584037e-01
2.026592570691799211e-01
2.013329397655849173e-01
1.997365943801444055e-01
1.995536526461559879e-01
1.996158113565922876e-01
1.982190073755387139e-01
1.966899362015688268e-01
1.964947396905139532e-01
1.968208061717813817e-01
1.968522303474876667e-01
1.967224490742263132e-01
1.966783953246033501e-01
1.969274082161747152e-01
1.970262631185399349e-01
1.959413947155276281e-01
1.942655322675996277e-01
1.936658414247826587e-01
1.939200841057358571e-01
1.939592040788687410e-01
1.939496995104242338e-01
1.942236611441732208e-01
1.938318859854645249e-01
1.922285837454345558e-01
1.909504443799277529e-01
1.909302519515330698e-01
1.912009325552780359e-01
1.911786645583246624e-01
1.911146271783606965e-01
1.911264938947831449e-01
1.911420564280044698e-01
1.911374987707148421e-01
1.911290303834453641e-01
1.911332655053497032e-01
1.911549369516078456e-01
1.911338493990506482e-01
1.910574873737954094e-01
1.911770159446842254e-01
1.914330349866982250e-01
1.908146452399894222e-01
1.891508656079355921e-01
1.880279661190261131e-01
1.880955543633947014e-01
1.885699803102441896e-01
1.885744102822443646e-01
1.873634364326621227e-01
1.857281530649909640e-01
1.852064527377081382e-01
1.854808708773916792e-01
1.855764301737089506e-01
1.854980256772878477e-01
1.854827792518133900e-01
1.855044139546124238e-01
1.855071860541203654e-01
1.854984373747251003e-01
1.854948180470565311e-01
1.855119515274064601e-01
1.855205867984690560e-01
1.854513742938403431e-01
1.854439305122211334e-01
1.857285459347257639e-01
1.856418820543357384e-01
1.842808054171189980e-01
1.827273696681995241e-01
1.824257533722747349e-01
1.826983247979003799e-01
1.826708422031529389e-01
1.827362794160268256e-01
1.829714483293005678e-01
1.822698362992535848e-01
1.805742374150994256e-01
1.795914198797303185e-01
1.797400545552049200e-01
1.799478019610061819e-01
1.798897109387501692e-01
1.798457765496444538e-01
1.798647515589391066e-01
1.798729141143282084e-01
1.798676359857254714e-01
1.798676908296922838e-01
1.798670939933412205e-01
1.798620721780680443e-01
1.798729093927533551e-01
1.798891720602554534e-01
1.798355551634105431e-01
1.797921582130762030e-01
1.800323193732067950e-01
1.801095112841197832e-01
1.789830882580532578e-01
1.773184816838389022e-01
1.767657279187512809e-01
1.770273429165414303e-01
1.770547131162714671e-01
1.770548584892467359e-01
1.773271705609542059e-01
1.768903568149436945e-01
1.752666194235152908e-01
1.740305329310813387e-01
1.740400854961955956e-01
1.743027731220018195e-01
1.742739106932489901e-01
1.742130127416610108e-01
1.742263658986630270e-01
1.742393475554593341e-01
1.742347379246380057e-01
1.742335365589594565e-01
1.742340288600905951e-01
1.742287847330986073e-01
1.742348161240920845e-01
1.742551261279779440e-01
1.742194577494000640e-01
1.741526218958007743e-01
1.743305900957491383e-01
1.745256201346374603e-01
1.736678936748656810e-01
1.719660885900446967e-01
1.711192800676846759e-01
1.713200580227325354e-01
1.715145119144066976e-01
1.714401578347387045e-01
1.713255834385158383e-01
1.714057373270610474e-01
1.717090586619424708e-01
1.713269735073743583e-01
1.697383208659198894e-01
1.684332040670248887e-01
1.683873248738169126e-01
1.686621760290299421e-01
1.686457180214664398e-01
1.685802556416978182e-01
1.685909384265246724e-01
1.686057140142228628e-01
1.686015543350097845e-01
1.685984328889442163e-01
1.685997891398757220e-01
1.686003680651889658e-01
1.685999914357147467e-01
1.685999960858096114e-01
1.685999526305065888e-01
1.685995949253602522e-01
1.686003712982444558e-01
1.686015272895536876e-01
1.685976910669066964e-01
1.685946162911205470e-01
1.686117846669466513e-01
1.686171926379387842e-01
1.685445674060731536e-01
1.685523628001658336e-01
1.688445634477533375e-01
1.686911247224837651e-01
1.672662490119325995e-01
1.657611277683159190e-01
1.655120790386911955e-01
1.658199154775252815e-01
1.658670386835051636e-01
1.657453681637329201e-01
1.656898524770281100e-01
1.659191684680615952e-01
1.660575359533956741e-01
1.650584459084278866e-01
1.633672185619707284e-01
1.626637592180629754e-01
1.629065685346660075e-01
1.630465754351029251e-01
1.629714963301684416e-01
1.629457885896069547e-01
1.629671626435261755e-01
1.629711356448415582e-01
1.629654252247807467e-01
1.629650395310884847e-01
1.629664906192382356e-01
1.629664436878004996e-01
1.629660739183997342e-01
1.629661105109245778e-01
1.629662817546118081e-01
1.629662705926610000e-01
1.629658763374899899e-01
1.629660024424015585e-01
1.629674849796263203e-01
1.629663696643136594e-01
1.629608709529509203e-01
1.629678760171427432e-01
1.629870166372689444e-01
1.629494452984293629e-01
1.628882995023812064e-01
1.630710130890493104e-01
1.632416108109920327e-01
1.623670200079697090e-01
1.606798544218895342e-01
1.597472834698429600e-01
1.599658552031323899e-01
1.606945910448182580e-01
1.603841645084246315e-01
1.576054571220291689e-01
1.545307267120975547e-01
1.538233754972556100e-01
1.546374269878956764e-01
1.552368349034561890e-01
1.539207964956025299e-01
1.506126126337492543e-01
1.483300181776786020e-01
1.484093775515225588e-01
1.493841639403473143e-01
1.494538249035519684e-01
1.469562826346367257e-01
1.436776158854904950e-01
1.431361836422072042e-01
1.433674252475042321e-01
1.407618667915487842e-01
1.375601878651149801e-01
1.368914807452659144e-01
1.377739532287285407e-01
1.383422242767071153e-01
1.369267403812827744e-01
1.335982125512638063e-01
1.314036767894457003e-01
1.315419387158707210e-01
1.324935428647083802e-01
1.324966983484336391e-01
1.300116358321006804e-01
1.267568448518467950e-01
1.259334825841473271e-01
1.263526435501211576e-01
1.254207006180477202e-01
1.234032823952432995e-01
1.214527149175496784e-01
1.207168373974713688e-01
1.211539140866789849e-01
1.200069903418750500e-01
1.166489108298782856e-01
1.144553596441657689e-01
1.146618309358935356e-01
1.156078785638449263e-01
1.155421610976009456e-01
1.130683044711783686e-01
1.098235736223962949e-01
1.087226679545963831e-01
1.094063685312555018e-01
1.101620525958617175e-01
1.092478521204122838e-01
1.060578558514152087e-01
1.034665208655209251e-01
1.033375302402210621e-01
1.040129795386586925e-01
1.041057674157014751e-01
1.033110641643933542e-01
1.017327415331982093e-01
9.983433623207495222e-02
9.837040703112466533e-02
9.812238049166545351e-02
9.823020373197462185e-02
9.723574392941601585e-02
9.537183590176144532e-02
9.350345072455239215e-02
9.249406785764609229e-02
9.259434907153200889e-02
9.236283826642886774e-02
9.091455619122558451e-02
8.899806064615752021e-02
8.739927490646111352e-02
8.667424221037160759e-02
8.678243089195537829e-02
8.711743538696577194e-02
8.704947320596624627e-02
8.603952897248258458e-02
8.429057443040501030e-02
8.241290273894426310e-02
8.126257190214251913e-02
8.129408817999554671e-02
8.117921137057014513e-02
7.984304019471206992e-02
7.788900307046002502e-02
7.618157823182604427e-02
7.555464363006626771e-02
7.573608054806769962e-02
7.514228516745490027e-02
7.346174126359512890e-02
7.157615576826324710e-02
7.017954182118589512e-02
6.972599090572990932e-02
6.997868074039111097e-02
7.033996201482263511e-02
6.994654245670146875e-02
6.838684145901631484e-02
6.702887527918334476e-02
6.689363783603473335e-02
6.734684851761134350e-02
6.752496759183425346e-02
6.660734786609022462e-02
6.492263156626738863e-02
6.403604948609638303e-02
6.423042691303813834e-02
6.467830723360944167e-02
6.451942097782480123e-02
6.314335732273680668e-02
6.159541245024328926e-02
6.120945713334859095e-02
6.160410048920707260e-02
6.191907198558908865e-02
6.129876951431660614e-02
5.965319390653535392e-02
5.848156344407857976e-02
5.849997446642850318e-02
5.896583418223806661e-02
5.901885067325295109e-02
5.789587518193277382e-02
5.623689795124937885e-02
5.556385072878759768e-02
5.585761005553997738e-02
5.626557431020055844e-02
5.592767630150917435e-02
5.440903103630985449e-02
5.299344036468585373e-02
5.279114280116188607e-02
5.323344192107014317e-02
5.345773511741924722e-02
5.261353507436071497e-02
5.092283167255225174e-02
5.000000000000000278e-02
5.016298633868304657e-02
5.042322060325790667e-02
5.035323501383470735e-02
5.003174096628396073e-02
5.020456416014848489e-02
5.160178447376498334e-02
5.313783922462066156e-02
5.352557313006127415e-02
5.298306998718166350e-02
5.244967913662425263e-02
5.378842399066600943e-02
5.712147902662374765e-02
5.932304353785085305e-02
5.917282716217557581e-02
5.823878938337818945e-02
5.824786710764039144e-02
6.065003354608076991e-02
6.392159162020123742e-02
6.510328180551548660e-02
6.444358974003806806e-02
6.364596085320740892e-02
6.451011762906729008e-02
6.773369669295413453e-02
7.026533111696790790e-02
7.022435964100941230e-02
7.017197271006779535e-02
7.168083950805397009e-02
7.374252574260893589e-02
7.531869834469388791e-02
7.568853534723339604e-02
7.552919401067149929e-02
7.645612733336633327e-02
7.819284612061312700e-02
7.960245314584717125e-02
8.120276905292432568e-02
8.388832478680909033e-02
8.723243278121194100e-02
9.048350708363382677e-02
9.301913948894367790e-02
9.460323172763067390e-02
9.575762862616592208e-02
9.713801596047104414e-02
9.942712544625502413e-02
1.025532276533025061e-01
1.056952211758993149e-01
1.086636244277787294e-01
1.117216401084415028e-01
1.147124014218594695e-01
1.174269872054464620e-01
1.207052364245029402e-01
1.252488306935397033e-01
1.296488263349616643e-01
1.327523721243447641e-01
1.355607886521515981e-01
1.386910167762676060e-01
1.413584366115226421e-01
1.440438413193125822e-01
1.490049710804907668e-01
1.554260990168805923e-01
1.597248601466066953e-01
1.622936176256117857e-01
1.659895460514997922e-01
1.709142095869128353e-01
1.758699549032879950e-01
1.799739514027297593e-01
1.829186970494167674e-01
1.860975437054841475e-01
1.905245937964020198e-01
1.953033714560214462e-01
1.997962697865388604e-01
2.043205064532148674e-01
2.088931678080065413e-01
2.130966249642253230e-01
2.175508468397583384e-01
2.235675446835252433e-01
2.296561507958189696e-01
2.331676350721387236e-01
2.359558168228764186e-01
2.411006350848356461e-01
2.479219780334704915e-01
2.546153032841316222e-01
2.594526307012458011e-01
2.621836610552396030e-01
2.658585551547283932e-01
2.719316174286438015e-01
2.785979680082589227e-01
2.846279098815445163e-01
2.897965951724024714e-01
2.941876926915388268e-01
2.981680821727473729e-01
3.028746351851572816e-01
3.093319690487618678e-01
3.149551111751264232e-01
3.169582258219096893e-01
3.180829005875085991e-01
3.210686513824140276e-01
3.240746158502089691e-01
3.256290384976981978e-01
3.267974940318116306e-01
3.283127242090685960e-01
3.299560814997483660e-01
3.314727069946953875e-01
3.327009980057781258e-01
3.342201650205801067e-01
3.369608399945969723e-01
3.400900085741713208e-01
3.418390513292340338e-01
