3.968857406461826498e-01
4.008019058362140563e-01
4.026939807369810942e-01
4.039598582563201368e-01
4.059888362414945662e-01
4.091421920611784668e-01
4.118155802017844924e-01
4.132759061459817529e-01
4.143067818940168179e-01
4.157758491442836712e-01
4.184195870379097126e-01
4.215730898097241885e-01
4.237460446305330031e-01
4.249398543665668937e-01
4.259681883939442359e-01
4.278844700321333683e-01
4.316005562231617354e-01
4.371394976089811868e-01
4.436526458652054750e-01
4.485349314645149521e-01
4.511518775801541814e-01
4.551352523637404168e-01
4.614781275618826673e-01
4.670377707131246892e-01
4.712697450104637031e-01
4.763371652821292157e-01
4.826169202803897162e-01
4.891391758303855752e-01
4.949026041441721979e-01
4.993007483912027533e-01
5.039806833818850640e-01
5.103425674397978895e-01
5.157380321187773342e-01
5.184798260257761360e-01
5.220811121981903113e-01
5.283073912658419191e-01
5.340518719879583376e-01
5.382869275977528734e-01
5.434130547783841969e-01
5.496698945381761625e-01
5.550918937486438720e-01
5.593383916319945026e-01
5.632943909138168337e-01
5.680785135105190786e-01
5.743949555423649711e-01
5.800444087380095537e-01
5.830564474009884979e-01
5.862111176218467445e-01
5.919256977591759172e-01
5.986451849709381046e-01
6.048158961419919377e-01
6.101062700226772550e-01
6.145927795603935984e-01
6.187282270619368640e-01
6.232014313923914806e-01
6.287973717851562672e-01
6.349641741830970298e-01
6.403328056913042410e-01
6.444149963351580856e-01
6.473675073374386413e-01
6.504767465566435591e-01
6.548536692861028907e-01
6.594851237716491399e-01
6.636845636411925486e-01
6.689151535698809603e-01
6.753279698019786226e-01
6.800867457273470640e-01
6.827591902434518856e-01
6.863611269764461342e-01
6.911569237519104014e-01
6.947952877185545884e-01
6.975629208392362113e-01
7.013754509691740857e-01
7.062280734593961995e-01
7.111725172016436503e-01
7.152751147349780680e-01
7.181496596953169664e-01
7.214225336848338888e-01
7.260787972803319779e-01
7.302549573044212483e-01
7.331030307538990431e-01
7.364130197506977282e-01
7.409886934476974663e-01
7.459889404558248671e-01
7.505100118892660266e-01
7.538156892484400018e-01
7.566867938018442263e-01
7.606802015897853320e-01
7.654421907672415148e-01
7.699447890263326766e-01
7.744853659411998770e-01
7.793658486378705064e-01
7.832734320047165522e-01
7.858239838525122867e-01
7.899129478154267581e-01
7.963376908059274228e-01
8.012956791702861015e-01
8.039224745223600976e-01
8.075733968134286567e-01
8.124021806331003237e-01
8.156689977052462570e-01
8.184942582498933028e-01
8.239910948272308744e-01
8.302258342931823076e-01
8.338171794310469398e-01
8.364269871761591535e-01
8.405397408829937689e-01
8.455820594771392695e-01
8.503997989557463555e-01
8.541315562588467358e-01
8.569193768701657277e-01
8.605574334033592176e-01
8.652816639238474217e-01
8.692191806158682255e-01
8.720336146993612481e-01
8.748430189982288052e-01
8.779158660787027557e-01
8.809615994847108666e-01
8.839466033428391434e-01
8.869462750385825878e-01
8.899561447967232475e-01
8.929570600341676379e-01
8.959708769991692190e-01
8.989962230019634681e-01
9.019532100520581963e-01
9.048989865425216550e-01
9.081322783416756472e-01
9.112879122732850945e-01
9.132290114102052936e-01
9.145298597388531459e-01
9.171254535615251946e-01
9.203144117416037773e-01
9.220656141139149664e-01
9.234659584468238869e-01
9.263945640816144689e-01
9.293730900669272543e-01
9.308090315655448421e-01
9.325058052721477697e-01
9.356804961073672544e-01
9.383080536676924321e-01
9.395884234540274882e-01
9.416236079805579973e-01
9.448485638781394247e-01
9.473588548856870517e-01
9.486730587043199492e-01
9.497034719755943488e-01
9.513332488644841156e-01
9.541803810541440445e-01
9.572489317682810750e-01
9.591619478569732848e-01
9.603171818995122067e-01
9.615784192555540955e-01
9.634746563572722522e-01
9.662823172706138664e-01
9.698354581168637800e-01
9.732396601413784154e-01
9.745414865746966360e-01
9.741609353152216322e-01
9.753909457521197091e-01
9.787644879453554214e-01
9.823252341506760743e-01
9.851579442572355738e-01
9.871059423071559813e-01
9.883603507288696299e-01
9.894012472693811677e-01
9.914003308663861258e-01
9.948318894729741846e-01
9.970475776438603166e-01
9.967509149417883574e-01
9.974224194589276227e-01
1.000623026126337134e+00
1.003563387744997204e+00
1.004953767571084899e+00
1.005823109447327335e+00
1.007339240336251995e+00
1.010438292688099260e+00
1.013477769293921638e+00
1.013860211436179659e+00
1.013709512139389091e+00
1.016224169677233835e+00
1.019573459940114502e+00
1.021353534826984433e+00
1.022458998167667943e+00
1.023933599892981716e+00
1.025537424525410524e+00
1.027037264371186476e+00
1.028515562607558831e+00
1.030021507472489661e+00
1.031530074108429229e+00
1.033031565419741948e+00
1.034532769249836504e+00
1.036036138892957981e+00
1.037540696377044158e+00
1.039042378647733189e+00
1.040539556589657577e+00
1.042048860890156803e+00
1.043571484655201109e+00
1.045039102968267075e+00
1.046476917494897130e+00
1.048153153425351647e+00
1.049847064822308162e+00
1.050518459095164614e+00
1.050333445034753677e+00
1.050896051535979536e+00
1.052583400016313231e+00
1.054633179865518633e+00
1.055970471621729967e+00
1.055751034235236085e+00
1.055946312402913589e+00
1.058771531141109001e+00
1.061804774858529088e+00
1.062363916351174220e+00
1.061476292476097427e+00
1.060930646164731428e+00
1.062486144284224610e+00
1.065889649050466126e+00
1.067728572545987742e+00
1.067390347246022442e+00
1.067727580733573767e+00
1.069483678877127364e+00
1.071494365931895842e+00
1.072830786752842824e+00
1.072964018186441715e+00
1.072916423322362034e+00
1.074012560478253997e+00
1.075899640415417524e+00
1.077727901355698847e+00
1.078645768312801900e+00
1.078517772427149968e+00
1.078812982166972301e+00
1.080302994042384945e+00
1.082286664723161707e+00
1.083880070569869458e+00
1.084234695290660078e+00
1.084063730016049831e+00
1.085139096867300257e+00
1.086823241088231473e+00
1.087340356988000245e+00
1.087040780166844689e+00
1.086947445155351577e+00
1.087031611564298172e+00
1.087045719105746988e+00
1.087023404095661672e+00
1.087022167476032530e+00
1.087027799792862570e+00
1.087027551447238061e+00
1.087026194961411063e+00
1.087026389550042937e+00
1.087026700449769123e+00
1.087026621311357300e+00
1.087026554051233607e+00
1.087026580531593511e+00
1.087026594041550220e+00
1.087026586057549871e+00
1.087026583620146036e+00
1.087026585857860939e+00
1.087026586222633817e+00
1.087026585630502362e+00
1.087026585599969675e+00
1.087026585749161223e+00
1.087026585742039808e+00
1.087026585706172277e+00
1.087026585711455606e+00
1.087026585719660154e+00
1.087026585717534299e+00
1.087026585715763494e+00
1.087026585716471594e+00
1.087026585716825977e+00
1.087026585716613258e+00
1.087026585716549532e+00
1.087026585716609262e+00
1.087026585716618587e+00
1.087026585716602822e+00
1.087026585716602156e+00
1.087026585716606153e+00
1.087026585716605709e+00
1.087026585716605265e+00
1.087026585716605487e+00
1.087026585716604377e+00
1.087026585716604377e+00
1.087026585716609484e+00
1.087026585716607707e+00
1.087026585716587279e+00
1.087026585716602822e+00
1.087026585716678095e+00
1.087026585716581728e+00
1.087026585716319271e+00
1.087026585716830862e+00
1.087026585717676630e+00
1.087026585715198834e+00
1.087026585712796090e+00
1.087026585724010674e+00
1.087026585729234496e+00
1.087026585681159396e+00
1.087026585679092161e+00
1.087026585875509932e+00
1.087026585805266343e+00
1.087026585039691629e+00
1.087026585640985976e+00
1.087026588475596300e+00
1.087026584793360007e+00
1.087026574935426870e+00
1.087026594417578984e+00
1.087026626012800312e+00
1.087026531977602239e+00
1.087026442801435344e+00
1.087026867428383170e+00
1.087027058087201237e+00
1.087025241164323086e+00
1.087025190366767813e+00
1.087032600666151705e+00
1.087029838244149227e+00
1.087001007229842831e+00
1.087024147692991383e+00
1.087130674703665534e+00
1.086989980371570796e+00
1.086620487901374998e+00
1.087366621227334074e+00
1.089326101104620470e+00
1.089532666983298981e+00
1.087587229947886147e+00
1.087336790544521037e+00
1.089249882876327513e+00
1.090045750188479712e+00
1.089755337670097912e+00
1.090775802507661263e+00
1.092488348176942514e+00
1.092963783191354565e+00
1.092665195828647073e+00
1.092662647350884031e+00
1.092636726177416362e+00
1.092355748900726953e+00
1.092935295635010684e+00
1.094656110594670828e+00
1.095602645150737020e+00
1.095360019137889607e+00
1.096031315229124337e+00
1.097771896529931901e+00
1.098598659450958692e+00
1.098366779692545370e+00
1.098274855768068603e+00
1.098316829267402372e+00
1.098029248413485037e+00
1.098276569313757722e+00
1.099860668008888931e+00
1.101172000715456178e+00
1.101031693435076342e+00
1.101349775736987002e+00
1.103068211036753565e+00
1.104062110359185889e+00
1.103802770563831137e+00
1.104522039157579849e+00
1.106288098086862792e+00
1.106872170971883396e+00
1.106641406177243603e+00
1.107691808259579691e+00
1.109393214027789787e+00
1.109956267456012613e+00
1.109569013830673523e+00
1.109169436756495708e+00
1.109696150055206054e+00
1.111386316401554941e+00
1.112477611295602964e+00
1.112257173926992859e+00
1.112796490411585904e+00
1.114558887475524562e+00
1.115324530634920874e+00
1.115060923913403279e+00
1.116008409431207715e+00
1.117739314717791421e+00
1.118104794900423915e+00
1.117942633898637572e+00
1.119195423713397197e+00
1.120820255493513606e+00
1.121180745590719674e+00
1.120776367772923221e+00
1.120536074841479435e+00
1.121050635292198061e+00
1.122493605532469019e+00
1.124328488126184133e+00
1.125934912304203506e+00
1.126715334958299675e+00
1.126622530554756363e+00
1.126188349005964762e+00
1.126245724872365850e+00
1.127611097470584633e+00
1.129173354629550596e+00
1.129304598384653469e+00
1.129277567546643768e+00
1.130699242560663231e+00
1.132217520536500155e+00
1.132442126714291453e+00
1.131964095858961850e+00
1.131717068952518890e+00
1.132608431196434395e+00
1.134341139795011388e+00
1.135029870885700287e+00
1.134789400681746274e+00
1.135685981264868527e+00
1.137412484857426076e+00
1.138102723339549982e+00
1.137789224393087828e+00
1.137446975137930583e+00
1.137731538787197128e+00
1.138986515337306438e+00
1.140783627714001769e+00
1.142502211824294900e+00
1.143524695060775587e+00
1.143599863611125089e+00
1.143188432326662340e+00
1.143032784417216341e+00
1.144084871340559584e+00
1.145792495546679612e+00
1.146277352413479722e+00
1.146074417509532983e+00
1.147168377527212790e+00
1.148855262214579342e+00
1.149389025905018347e+00
1.148995343090468468e+00
1.148607010383433824e+00
1.149156093325569783e+00
1.150847420262434362e+00
1.151925221304575198e+00
1.151718854049567531e+00
1.152216812427542036e+00
1.153924387890048475e+00
1.154982108723753731e+00
1.154824821690557668e+00
1.154325550655850074e+00
1.154417535717013665e+00
1.155812867104850650e+00
1.157356383340069073e+00
1.157466990452575617e+00
1.157456278995093735e+00
1.158894318783256105e+00
1.160398787845423163e+00
1.160606956540151558e+00
1.160125909357633711e+00
1.159888886577972844e+00
1.160799813984167095e+00
1.162530858191519911e+00
1.163198173519783385e+00
1.162960476723909231e+00
1.163873270736959675e+00
1.165597518242502018e+00
1.166293678168811576e+00
1.165960050051286334e+00
1.165523215152068692e+00
1.165916409851186053e+00
1.167544290517330996e+00
1.168792232165836831e+00
1.168650546188590766e+00
1.168969389268437409e+00
1.170623965864799221e+00
1.171836979862265871e+00
1.171780042353743445e+00
1.171272135080408061e+00
1.171247352580626622e+00
1.172506307482735544e+00
1.174139383160760053e+00
1.174399871866043332e+00
1.174287603153656878e+00
1.175611937130198736e+00
1.177186743770100907e+00
1.177430049591683181e+00
1.177144797171708168e+00
1.177187336443090926e+00
1.177094168133586694e+00
1.176863142652485594e+00
1.177692560524826515e+00
1.179432790912424256e+00
1.180102213624386831e+00
1.179860316329213843e+00
1.180804554224660352e+00
1.182525523424050151e+00
1.183123778928251824e+00
1.182830825371885775e+00
1.182723820130085590e+00
1.182802491502584541e+00
1.182798922575382550e+00
1.182811006156556211e+00
1.182883623855872424e+00
1.182712201840691701e+00
1.182483492531114289e+00
1.183338646843624220e+00
1.185076585744696542e+00
1.185733956427601044e+00
1.185493960470737962e+00
1.186446268155166850e+00
1.188165606157951526e+00
1.188758926126447957e+00
1.188463738982401985e+00
1.188350636055391485e+00
1.188437266669891024e+00
1.188461495281609936e+00
1.188429001900329185e+00
1.188406884493543147e+00
1.188460764540680392e+00
1.188521380639743885e+00
1.188296200260724467e+00
1.188141599305469809e+00
1.189189291467494858e+00
1.190896204925581126e+00
1.191340807413383995e+00
1.191148907418882574e+00
1.192306193226600142e+00
1.193967493593624640e+00
1.194375802363062178e+00
1.194060076203464993e+00
1.193999314899073738e+00
1.194075333634465830e+00
1.194063215623807572e+00
1.194089687814232192e+00
1.194149989318057825e+00
1.193930064003764002e+00
1.193777799787241189e+00
1.194830504252065495e+00
1.196535927959057277e+00
1.196973961541712761e+00
1.196784328778350837e+00
1.197946511149873938e+00
1.199606287264571636e+00
1.200016106648726266e+00
1.199691717284910197e+00
1.199604444067403186e+00
1.199726505957335210e+00
1.199807492623213179e+00
1.199603109816798296e+00
1.199381726788586233e+00
1.200264417076627455e+00
1.202000016889732459e+00
1.202632888462858762e+00
1.202396539518923557e+00
1.203370500976621793e+00
1.205085565993581298e+00
1.205664173123091709e+00
1.205362108239703467e+00
1.205232709889352050e+00
1.205342762681781865e+00
1.205442026428596325e+00
1.205281296118249301e+00
1.205006268131097125e+00
1.205710487514326079e+00
1.207445595358462409e+00
1.208278415657507487e+00
1.208029482383085051e+00
1.208806494152766531e+00
1.210545210710614716e+00
1.211295166095712084e+00
1.211034791046967651e+00
1.210882520893077796e+00
1.210963781572121034e+00
1.210998002527655437e+00
1.210968371057935533e+00
1.210941944905130185e+00
1.210985470777407924e+00
1.211058698728189720e+00
1.210871218990569709e+00
1.210654272427777345e+00
1.211545930092405854e+00
1.213280882756344825e+00
1.213899095179142629e+00
1.213664837419441644e+00
1.214655041859852291e+00
1.216366722752188156e+00
1.216926275039516891e+00
1.216625416605987109e+00
1.216520704244168138e+00
1.216608003001115046e+00
1.216630134219490511e+00
1.216597117420552543e+00
1.216576048310664460e+00
1.216632143986696946e+00
1.216689479840190602e+00
1.216456458038505328e+00
1.216317481273772039e+00
1.217398628098709468e+00
1.219096029430475570e+00
1.219503771905944944e+00
1.219324768010846771e+00
1.220516381960736974e+00
1.222163666912469582e+00
1.222542675267336953e+00
1.222222941871397017e+00
1.222162155727099853e+00
1.222250182005613972e+00
1.222261327986033708e+00
1.222226066626933783e+00
1.222211493634638657e+00
1.222279222647149277e+00
1.222314973040548924e+00
1.222042446264216542e+00
1.222003073905282289e+00
1.223262650837380061e+00
1.224885209603763903e+00
1.225098068333630996e+00
1.225014740864022622e+00
1.226385549707056155e+00
1.227931284440935134e+00
1.228147215037262541e+00
1.227828574117599603e+00
1.227806125716467633e+00
1.227890434779515427e+00
1.227891734185728279e+00
1.227855366930195702e+00
1.227848428719233942e+00
1.227925965151002830e+00
1.227934436765609760e+00
1.227632002018457458e+00
1.227713868676350906e+00
1.229133140321439610e+00
1.230643565285174601e+00
1.230687250379979725e+00
1.230739797029213767e+00
1.232257687099342913e+00
1.233668410605496479e+00
1.233742712743716163e+00
1.233441676491825678e+00
1.233451872479190969e+00
1.233528909757390046e+00
1.233521501337047077e+00
1.233485166186397031e+00
1.233487001343901879e+00
1.233571631992377293e+00
1.233547130730784147e+00
1.233227934345534793e+00
1.233452682189022820e+00
1.235005276895130955e+00
1.236366504566904556e+00
1.236276433001947117e+00
1.236500167156152408e+00
1.238128505121982137e+00
1.239376976728726154e+00
1.239329947846169011e+00
1.239065268423306554e+00
1.239105493236392297e+00
1.239147550953623611e+00
1.239130058029698889e+00
1.239197892245408994e+00
1.239178706052760814e+00
1.238862628839939362e+00
1.239090914681088673e+00
1.240647054805800176e+00
1.242002879547240868e+00
1.241908983920426035e+00
1.242138987168111885e+00
1.243770118216960707e+00
1.245013720515298905e+00
1.244964113893214375e+00
1.244694920956184170e+00
1.244732932748969789e+00
1.244799639646203104e+00
1.244784410323316326e+00
1.244749309437603424e+00
1.244761434955949486e+00
1.244849598323368056e+00
1.244784933322212073e+00
1.244466058419742005e+00
1.244861337915892374e+00
1.246516263831161764e+00
1.247689754963114295e+00
1.247503748328757212e+00
1.247931017174934709e+00
1.249633860501484950e+00
1.250696061584133600e+00
1.250548094467460514e+00
1.250325901128282569e+00
1.250385439493450157e+00
1.250412638671447141e+00
1.250400188601765716e+00
1.250475938570514423e+00
1.250417267408808764e+00
1.250101017771136469e+00
1.250500481720038470e+00
1.252157877543683462e+00
1.253325000005591328e+00
1.253136588548399821e+00
1.253570783413827217e+00
1.255275156618689936e+00
1.256332259069567137e+00
1.256181961024552596e+00
1.255954564408691132e+00
1.256014281147487477e+00
1.256068784654412740e+00
1.256046956927450386e+00
1.256014313738058163e+00
1.256037950978687867e+00
1.256124784323593868e+00
1.256014044296717591e+00
1.255717205801691883e+00
1.256301026764104600e+00
1.258018319484083936e+00
1.258981343050983082e+00
1.258742886334695665e+00
1.259388968159135036e+00
1.261126056365324155e+00
1.261992765626974933e+00
1.261767304460723160e+00
1.261585978768879235e+00
1.261660848375356636e+00
1.261702724953817301e+00
1.261675687848998306e+00
1.261646575457471053e+00
1.261682427213876911e+00
1.261762499928329451e+00
1.261603968674620546e+00
1.261350388929721067e+00
1.262125411484231519e+00
1.263864986276387103e+00
1.264613653486643452e+00
1.264365586301188893e+00
1.265227699219552804e+00
1.266960221727572833e+00
1.267633644716242181e+00
1.267354852106725049e+00
1.267223697495628354e+00
1.267306342441684830e+00
1.267327937029484763e+00
1.267307066351677669e+00
1.267309407011147027e+00
1.267304062823094268e+00
1.267286215943267846e+00
1.267339496321189474e+00
1.267390176026705673e+00
1.267143762040782828e+00
1.267037839701821156e+00
1.268184492394876406e+00
1.269859374688927955e+00
1.270194630062748242e+00
1.270045408332470371e+00
1.271305111988078052e+00
1.272919661945562941e+00
1.273235566674994823e+00
1.272916881895029162e+00
1.272877687592843809e+00
1.272950243773617096e+00
1.272934997977867466e+00
1.272969238829253058e+00
1.273020484433585953e+00
1.272777273567836875e+00
1.272674068782265522e+00
1.273826034217443892e+00
1.275498687372571105e+00
1.275827592300791791e+00
1.275681320138197572e+00
1.276945464594986479e+00
1.278558300282462534e+00
1.278875952105461122e+00
1.278546718897384693e+00
1.278482342544442485e+00
1.278609698909899617e+00
1.278678380182694641e+00
1.278449682971039891e+00
1.278267886454452107e+00
1.279253573196513116e+00
1.280974781729020240e+00
1.281492597978697523e+00
1.281279440075223430e+00
1.282364694477756029e+00
1.284051429540369327e+00
1.284530523254130641e+00
1.284213291098905252e+00
1.284108807424189980e+00
1.284226237705606399e+00
1.284315211431625636e+00
1.284129154980974352e+00
1.283883432394073543e+00
1.284690293412720896e+00
1.286428639790812900e+00
1.287150039611663299e+00
1.286906069148290310e+00
1.287777647337856823e+00
1.289507109734474133e+00
1.290240544630069763e+00
1.289917638029318026e+00
1.289455320951456763e+00
1.289834928717894291e+00
1.291510943803926503e+00
1.292699652085683937e+00
1.292355804290122645e+00
1.293114393379046767e+00
1.296258158220092271e+00
1.299158974832441693e+00
1.300561572522331844e+00
1.301758620723391990e+00
1.303316351509844706e+00
1.304887960082438569e+00
1.306370272725865478e+00
1.307858546271420730e+00
1.309367945541031197e+00
1.310873592001460031e+00
1.312374477793523342e+00
1.313876809925378586e+00
1.315380155965919950e+00
1.316883035878377628e+00
1.318385719037769022e+00
1.319888539487689805e+00
1.321391371271172233e+00
1.322894169544786891e+00
1.324397064301980453e+00
1.325899912514238554e+00
1.327402367698355068e+00
1.328905207593683580e+00
1.330409490839897124e+00
1.331911621869674933e+00
1.333408796540491714e+00
1.334916760280959069e+00
1.336440148856059107e+00
1.337912919641255360e+00
1.339345581187441070e+00
1.341002935691234743e+00
1.342724467153477486e+00
1.343472703951193781e+00
1.343291281406241877e+00
1.343794369076039219e+00
1.345440221357257160e+00
1.347423716137489347e+00
1.348843192817949843e+00
1.348978667006083043e+00
1.348923180751571138e+00
1.350229941743752216e+00
1.351822334550951021e+00
1.352182982713945103e+00
1.351743952352474132e+00
1.351422968319147211e+00
1.352149403934349126e+00
1.353879083722216103e+00
1.354752243763461372e+00
1.354507143409505288e+00
1.355232910838111593e+00
1.356973282691586347e+00
1.357755203118701681e+00
1.357512379718314177e+00
1.357432124312062838e+00
1.357468011712330780e+00
1.357178684419907633e+00
1.357460504416595271e+00
1.359062215759377690e+00
1.360342273371109023e+00
1.360201404399848713e+00
1.360518493651293515e+00
1.362186287071794011e+00
1.363352605851467114e+00
1.363258191377053397e+00
1.362986181564879828e+00
1.363028603893343016e+00
1.363176679897257104e+00
1.363148828866949547e+00
1.362766756433513304e+00
1.362962908356610603e+00
1.364683997103417479e+00
1.365899352000439659e+00
1.364618150591253354e+00
1.362933876829259816e+00
1.362785886865829355e+00
1.363147633107578027e+00
1.363143877820680805e+00
1.363069724133202376e+00
1.363090072372505013e+00
1.363041616870340533e+00
1.363017703939871428e+00
1.363305134108145467e+00
1.363270340891691301e+00
1.361906018632851989e+00
1.360351184198896002e+00
1.360250928415109861e+00
1.360251193184159879e+00
1.358781990939334161e+00
1.357318732710828701e+00
1.357193640327979400e+00
1.357510342954859173e+00
1.357521205346091886e+00
1.357404775829752275e+00
1.357382786762312055e+00
1.357580134776046110e+00
1.357624523862509314e+00
1.356750936954958853e+00
1.355057338199439299e+00
1.353229828442797933e+00
1.351898387797756840e+00
1.351523860885977202e+00
1.351827058588726871e+00
1.352186036141968861e+00
1.351633573731431559e+00
1.349930115810458853e+00
1.348891874358042253e+00
1.349126964967034104e+00
1.348523484790433713e+00
1.346755970834303762e+00
1.346058887344339761e+00
1.346315984168109603e+00
1.345296292448471043e+00
1.343584983688734136e+00
1.343306496430783703e+00
1.343425689182201399e+00
1.342019615434691726e+00
1.340526048750979582e+00
1.340574717459314336e+00
1.340407545000632306e+00
1.338762273670977887e+00
1.337574695287111037e+00
1.337737684760101686e+00
1.337425885159646333e+00
1.335845259895479975e+00
1.333874676495887313e+00
1.332371547029737258e+00
1.331973826614165857e+00
1.332123094109106454e+00
1.331548504352228823e+00
1.329547590375860011e+00
1.326129139764425258e+00
1.323607475133609768e+00
1.323718799276344171e+00
1.323398516871969077e+00
1.320412285343045999e+00
1.317283974751861431e+00
1.315739033873425612e+00
1.314810344225409766e+00
1.313420782899518136e+00
1.310776953408977930e+00
1.307585849928269317e+00
1.305684470037149270e+00
1.304360886477763160e+00
1.301611786932262760e+00
1.298498551847219629e+00
1.296887071937875113e+00
1.295390437009849682e+00
1.292423170561017187e+00
1.289437781734334099e+00
1.287760636072658338e+00
1.286743632725000364e+00
1.285452947560183024e+00
1.283012346496495093e+00
1.279792251562100747e+00
1.277605456884683743e+00
1.276321100292980404e+00
1.274125642097513778e+00
1.270852407861742916e+00
1.267422418055370814e+00
1.264663046116605516e+00
1.263057697133474599e+00
1.261592431545906390e+00
1.259069652352119650e+00
1.255321820894886864e+00
1.250724753946835799e+00
1.246421721453741860e+00
1.243242367595472908e+00
1.241263080329230384e+00
1.239901718606731373e+00
1.237898400735853111e+00
1.234752092984489735e+00
1.230681986780131743e+00
1.226030825148640702e+00
1.221229468206953550e+00
1.216897391492232749e+00
1.213560015342662002e+00
1.210842234653583649e+00
1.208089793408445800e+00
1.204663666128749755e+00
1.200268181698430414e+00
1.195423896553692966e+00
1.190771738269113644e+00
1.186937039287961682e+00
1.183991505321679849e+00
1.181334112533970027e+00
1.178323051656518849e+00
1.174382683926916249e+00
1.169681534022455116e+00
1.164854913339208764e+00
1.160540564796680885e+00
1.157207049835214496e+00
1.154492714448587476e+00
1.151757794047295391e+00
1.148293549249674417e+00
1.143828567141331964e+00
1.139155156201381969e+00
1.134701029274700845e+00
1.130046313762716581e+00
1.125414040632217061e+00
1.121822845213672926e+00
1.118989915969056836e+00
1.115524824980764995e+00
1.110682502993139975e+00
1.104410372217545122e+00
1.098601393041600538e+00
1.095226305792479149e+00
1.092463958563652415e+00
1.088213132598996769e+00
1.083331477105405449e+00
1.078792577594734015e+00
1.074390738921046307e+00
1.069893267128005920e+00
1.065304776912965545e+00
1.060766125647057523e+00
1.056511330179525698e+00
1.052037172241689245e+00
1.046362844862487540e+00
1.040208083462035304e+00
1.035110415950542206e+00
1.030939277732464410e+00
1.026828830340949184e+00
1.021885977112564348e+00
1.015770051129500473e+00
1.009992642205010283e+00
1.005495819645996880e+00
1.001040483994282804e+00
9.962797903205107275e-01
9.927590254703044792e-01
9.900712025896436508e-01
9.854841829395843966e-01
9.791012625852157925e-01
9.733879044541418057e-01
9.692935973066862942e-01
9.665719764456948138e-01
9.633406759386631268e-01
9.577507153934989859e-01
9.514181630839508852e-01
9.463909834404171662e-01
9.427555411605033076e-01
9.398960241313221164e-01
9.365210638261127762e-01
9.320268062322778491e-01
9.270725517913700475e-01
9.224779509973244362e-01
9.190360891648767794e-01
9.161954024439022959e-01
9.124235073788420358e-01
9.076445419005341186e-01
9.026862433291344967e-01
8.984791421103914821e-01
8.955531832458338837e-01
8.923771131957396463e-01
8.877545784144276197e-01
8.835129358813149647e-01
8.806977263519808474e-01
8.772581007855615454e-01
8.725164228792829935e-01
8.685901484762945657e-01
8.658101637278938778e-01
8.622712637047831308e-01
8.575523831314117995e-01
8.525573772666594774e-01
8.482127544253346141e-01
8.451573219466625986e-01
8.421379977412624118e-01
8.377116512196129960e-01
8.332043576002285956e-01
8.300241322355617068e-01
8.272921385043530140e-01
8.242393155096432444e-01
8.213351251784832829e-01
8.185174469584031165e-01
8.146724920112278223e-01
8.099729929292549535e-01
8.060653564025299644e-01
8.032593820905034043e-01
8.007106448223377804e-01
7.975460881094731391e-01
7.931495883368975264e-01
7.886102360093800723e-01
7.852875416021105615e-01
7.825750662780934785e-01
7.796166842555851684e-01
7.765335365554102420e-01
7.735240249137815827e-01
7.705379075598413063e-01
7.675313137573802624e-01
7.645209912773029970e-01
7.615160553978099767e-01
7.585114931898195856e-01
7.555055797400789253e-01
7.524997151620986813e-01
7.494941741970180260e-01
7.464885854674605525e-01
7.434829246197447450e-01
7.404772867250359880e-01
7.374716554235276611e-01
7.344660082290266345e-01
7.314604005582334700e-01
7.284548137622879338e-01
7.254490437894320909e-01
7.224432756841367986e-01
7.194382611681522377e-01
7.164329221788154900e-01
7.134246300775126670e-01
7.104188579462438202e-01
7.074240964141373933e-01
7.044146731267137973e-01
7.013666168434353754e-01
6.983938667562971103e-01
6.955455015995609669e-01
6.923376036158339630e-01
6.887841752786449945e-01
6.868600603174941366e-01
6.871453066474005889e-01
6.864881859277731646e-01
6.834138995373649772e-01
6.796930456988902192e-01
6.766620434136644269e-01
6.748136209413024833e-01
6.734536839849052381e-01
6.711387935148910300e-01
6.678548119179970044e-01
6.644160401540765148e-01
6.617333688260720326e-01
6.603003374095851585e-01
6.586329718291928925e-01
6.555915027946966900e-01
6.526953964237363071e-01
6.510857290468051728e-01
6.500584145051742091e-01
6.487138723972073473e-01
6.462539769021987679e-01
6.430691866013001912e-01
6.407278047457435344e-01
6.394324820206124249e-01
6.383034082490482986e-01
6.366521593295664250e-01
6.340337685216829167e-01
6.307738923555551436e-01
6.274981895693492184e-01
6.248327030090169432e-01
6.231398356989714671e-01
6.219986358056270870e-01
6.207332578310188476e-01
6.184581298205285016e-01
6.152784663500062701e-01
6.127579924880133255e-01
6.113767235724627547e-01
6.103356641696242590e-01
6.087778392871684430e-01
6.060142538360004938e-01
6.029019724162195670e-01
6.008767929683964670e-01
5.997233016655734161e-01
5.985874413848910613e-01
5.966143390732129292e-01
5.935240740859948350e-01
5.907152307545302516e-01
5.891176753547872069e-01
5.880724642124798285e-01
5.867224682849535577e-01
5.842538806665640294e-01
5.810686239487614646e-01
5.787435944889315342e-01
5.774541931393633032e-01
5.763030555949184564e-01
5.746523707915525137e-01
5.721031063100343594e-01
5.687743571323450320e-01
5.652148212977272657e-01
5.629523089789479906e-01
5.628390014825687127e-01
5.630378913116166339e-01
5.618824422202628455e-01
5.590544727871763486e-01
5.556567350092421753e-01
5.544667211823521846e-01
5.549100458876462527e-01
5.531170734310280057e-01
5.496743884106252143e-01
5.482185263541721199e-01
5.488503721701196714e-01
5.497403482775671257e-01
5.490227667964273639e-01
5.458037352553198884e-01
5.432358491648597854e-01
5.434817338136238574e-01
5.429201729757034967e-01
5.396412423508144540e-01
5.371531436652035030e-01
5.372224903593866285e-01
5.382162842018093363e-01
5.383067496256543905e-01
5.359497537084081387e-01
5.326470071918332216e-01
5.316678976373420129e-01
5.321006261242604563e-01
5.312749361771019752e-01
5.292944063335714988e-01
5.273009327182255346e-01
5.264613378732270199e-01
5.269161154576690320e-01
5.259213425486874982e-01
5.225538028267746604e-01
5.204139561687317617e-01
5.206900882818661369e-01
5.205166595122939777e-01
5.188296408175758767e-01
5.167007846878555188e-01
5.152969336787313059e-01
5.154771105286376498e-01
5.153913300800697650e-01
5.126107754184662246e-01
5.095651207227880342e-01
5.092157938184879162e-01
5.095252029389397697e-01
5.082746423794370916e-01
5.062298047544144808e-01
5.045001805828269736e-01
5.038441008661638243e-01
5.040178512384231313e-01
5.034924183134514841e-01
5.018521226110188582e-01
4.998921702496158526e-01
4.984660122645165892e-01
4.982493853035906417e-01
4.983441191907888035e-01
4.973340714816728569e-01
4.954716560477476772e-01
4.936116750845431778e-01
4.926086843185871755e-01
4.927062852989573249e-01
4.924837749204424853e-01
4.910526275572270061e-01
4.890907211597618209e-01
4.874535238192332365e-01
4.869413664190291868e-01
4.871165964618486832e-01
4.864274431193722492e-01
4.846958903506669580e-01
4.827558466907054813e-01
4.814628709238011339e-01
4.813791067384646238e-01
4.813889787105540830e-01
4.802195727707501138e-01
4.783097924600658857e-01
4.765148180568656855e-01
4.756762371471231488e-01
4.758228659020756757e-01
4.754670634023218101e-01
4.739323450741579347e-01
4.718843426215227899e-01
4.703275076683548495e-01
4.703142637275158355e-01
4.704269867823015483e-01
4.680243073525700570e-01
4.647491253762436880e-01
4.637488174728892076e-01
4.645039304594508200e-01
4.652232130149149825e-01
4.641821414501785537e-01
4.609471665555341380e-01
4.584628642643560070e-01
4.584103524193692270e-01
4.590769661921627609e-01
4.591394448106254078e-01
4.583122994971972064e-01
4.567174399303508547e-01
4.548223291098326682e-01
4.533895886882260973e-01
4.531750129554932283e-01
4.532683944558834055e-01
4.522432006589253151e-01
4.503730379414792040e-01
4.485187558753280790e-01
4.475341104226345790e-01
4.476390573219627411e-01
4.474007722077617544e-01
4.459561278146073615e-01
4.439932663322364581e-01
4.423670073609402564e-01
4.418711341763207345e-01
4.420440964942923268e-01
4.413434144420275151e-01
4.396021122448218188e-01
4.376372480687429345e-01
4.363743918308339298e-01
4.364104143303709771e-01
4.363037104015573542e-01
4.347321444150592518e-01
4.334216261090998445e-01
4.335785816975781248e-01
4.332263843927174340e-01
4.315101834761615462e-01
4.305080475893887648e-01
4.307212202135528578e-01
4.302539459758382145e-01
4.285783878618136811e-01
4.266015611760954895e-01
4.252046444471443420e-01
4.250174681537094434e-01
4.250970872586963267e-01
4.240567127108277878e-01
4.221852984092044903e-01
4.203362910490739957e-01
4.193620637226801451e-01
4.194697709164695310e-01
4.192255079586489908e-01
4.177775887726695725e-01
4.157935956819356349e-01
4.141602789740475021e-01
4.137655415697925054e-01
4.139593259844606132e-01
4.128730888624861928e-01
4.111843687510775558e-01
4.109141405145074755e-01
4.110295092952816476e-01
4.096463114307820619e-01
4.081283842824893204e-01
4.080822938317540949e-01
4.080681100905957925e-01
4.067441915088121362e-01
4.047693351744497958e-01
4.030635159868706796e-01
4.024301169051163751e-01
4.026068441098079043e-01
4.020499391806013900e-01
4.003862641466821581e-01
3.984029122896317610e-01
3.970136445233885536e-01
3.969376263984328856e-01
3.969526558689078222e-01
3.955026002551443320e-01
3.940441887899758244e-01
3.941045258395799999e-01
3.939218148236295347e-01
3.922720561431404240e-01
3.910940693121042755e-01
3.912590075457688110e-01
3.909436380508656272e-01
3.893610349940304083e-01
3.873718887390961152e-01
3.858693079773650170e-01
3.855575427700019264e-01
3.856912421941841029e-01
3.847929453419243750e-01
3.829719571508912179e-01
3.810781463654768775e-01
3.799653497131584845e-01
3.800077629944411117e-01
3.798810559833206701e-01
3.785442327185669642e-01
3.765783514221988648e-01
3.748584652708485399e-01
3.743079269465606207e-01
3.745358731450201817e-01
3.736303823221377995e-01
3.718913163618817741e-01
3.714430305624585871e-01
3.716385435678856153e-01
3.704158188447262412e-01
3.687916789165603948e-01
3.686085566488838672e-01
3.686967575520206930e-01
3.675114281495864832e-01
3.655514806377960779e-01
3.637542187435403584e-01
3.630246042808472073e-01
3.632440344461753678e-01
3.625975896123419528e-01
3.608763984732296093e-01
3.599608990632728323e-01
3.601590076991935119e-01
3.603514312682673526e-01
3.602828124204143223e-01
3.602429706150918065e-01
3.602643641344905334e-01
3.602733415997703137e-01
3.602655046018456431e-01
3.602584649760218749e-01
3.602701452805379678e-01
3.602897139197997478e-01
3.602393039927215823e-01
3.601814322183407580e-01
3.604122055282761306e-01
3.605532565476411433e-01
3.594764082511524017e-01
3.577777310917928388e-01
3.573655376150509655e-01
3.575461780718894866e-01
3.563586069788895472e-01
3.547096081935057210e-01
3.543273094191932149e-01
3.546463533148639380e-01
3.547064297577928738e-01
3.546211522942536165e-01
3.546150587398017029e-01
3.546365041102466642e-01
3.546355998888666705e-01
3.546315287726828358e-01
3.546329068379179272e-01
3.546289198829077893e-01
3.546278251042088159e-01
3.546491011667475823e-01
3.546438906642322975e-01
3.545588657015875667e-01
3.546151172056097312e-01
3.549348726347210103e-01
3.545687128232493102e-01
3.529275730581835080e-01
3.517220992836384563e-01
3.518955877077825090e-01
3.515024668758169879e-01
3.498091258940679849e-01
3.487149971362338285e-01
3.488477173123202824e-01
3.490824257099102712e-01
3.490262560507165213e-01
3.489750704827347394e-01
3.489941972681537274e-01
3.490045898162063009e-01
3.489987599406664809e-01
3.489968538196418502e-01
3.489985013722249896e-01
3.489987960176864634e-01
3.489983571373681537e-01
3.489983287272998558e-01
3.489984399707337648e-01
3.489984360376907069e-01
3.489984091321263193e-01
3.489984127445909246e-01
3.489984189401269532e-01
3.489984174299450848e-01
3.489984160819608605e-01
3.489984165934903459e-01
3.489984168663284314e-01
3.489984167109190238e-01
3.489984166611134753e-01
3.489984167049249852e-01
3.489984167125541603e-01
3.489984167009064220e-01
3.489984167001976001e-01
3.489984167031452977e-01
3.489984167030312223e-01
3.489984167023162942e-01
3.489984167024129391e-01
3.489984167025902417e-01
3.489984167025511064e-01
3.489984167024584583e-01
3.489984167024888229e-01
3.489984167027211370e-01
3.489984167025570461e-01
3.489984167017151084e-01
3.489984167027299078e-01
3.489984167056860431e-01
3.489984167002201931e-01
3.489984166905993335e-01
3.489984167173215135e-01
3.489984167452037100e-01
3.489984166233451868e-01
3.489984165595235166e-01
3.489984170852798995e-01
3.489984171348925468e-01
3.489984149740474328e-01
3.489984156360078082e-01
3.489984241097400797e-01
3.489984179427861877e-01
3.489983863483733240e-01
3.489984251088734668e-01
3.489985359559388822e-01
3.489983278702394331e-01
3.489979683188444981e-01
3.489989826738410517e-01
3.490000187145035349e-01
3.489954034991136766e-01
3.489930656297048905e-01
3.490129401234969841e-01
3.490145144665634525e-01
3.489329737015057775e-01
3.489591798941040768e-01
3.492783710872043867e-01
3.490407034835041888e-01
3.474782483460652216e-01
3.461313637194591841e-01
3.462309657624998982e-01
3.459913717976684788e-01
3.443556277698091583e-01
3.431210902551882769e-01
3.431764745028967889e-01
3.434422486403419517e-01
3.434022691359376878e-01
3.433429038498145847e-01
3.433589164980780373e-01
3.433661492456366315e-01
3.433628382877755292e-01
3.433831562458980469e-01
3.433672758252089841e-01
3.432825756444944920e-01
3.433902117654270003e-01
3.436874191375546839e-01
3.431082065505601797e-01
3.413918308238674260e-01
3.404241250800578711e-01
3.406619364744119527e-01
3.400205383053379049e-01
3.382837575013032949e-01
3.374128792035667179e-01
3.376369484791103548e-01
3.378193046292604640e-01
3.377447011252776021e-01
3.377025470442250876e-01
3.377294856536959822e-01
3.377586945559412634e-01
3.377231040783161831e-01
3.376427967330905000e-01
3.378003434653452652e-01
3.380551772863188975e-01
3.372840502089849424e-01
3.355443022231100469e-01
3.347921948301510464e-01
3.350410420087433505e-01
3.341782998695403961e-01
3.324451050650996664e-01
3.317890278553317640e-01
3.320590222672156755e-01
3.321075863012725171e-01
3.320916062076754161e-01
3.323789988692188446e-01
3.319937637252724505e-01
3.303541447079397786e-01
3.291558714966580368e-01
3.292819499261284144e-01
3.290357359870184073e-01
3.275182768554014134e-01
3.255096883034338529e-01
3.239401643303150280e-01
3.236438573175063893e-01
3.238012777015743526e-01
3.226053571643937579e-01
3.209643567366672889e-01
3.207977025888404388e-01
3.208465746510358318e-01
3.193752242979105427e-01
3.179382208508378937e-01
3.179621326253615488e-01
3.178776151290134688e-01
3.164823994829393805e-01
3.144791221903981415e-01
3.128067151376632271e-01
3.123482867668196383e-01
3.125598341950853176e-01
3.115532827634579505e-01
3.098383441713071784e-01
3.094892930530768194e-01
3.096448093085520381e-01
3.083321009218887854e-01
3.067619164690909006e-01
3.066554596654230691e-01
3.066925118025907171e-01
3.054344307869049091e-01
3.034547722363042932e-01
3.016924669188971730e-01
3.010631717210612290e-01
3.012980253297365962e-01
3.004902699691610612e-01
2.987369818840829860e-01
2.981884694411917058e-01
2.984140602187335678e-01
2.972851843416999817e-01
2.956167040396696089e-01
2.953508736512668320e-01
2.954831392903292109e-01
2.943759161227417764e-01
2.924335988626663441e-01
2.905951167929957113e-01
2.897926760252967360e-01
2.900197361285790643e-01
2.894118799089349658e-01
2.876559021149566742e-01
2.868997641848720637e-01
2.871588775847089825e-01
2.862297790326084890e-01
2.844986985720426298e-01
2.840537995397717230e-01
2.842499123170411091e-01
2.832981705978540599e-01
2.814136895167177466e-01
2.795414319906088241e-01
2.785288071698189261e-01
2.786184607719538464e-01
2.784122266488562869e-01
2.769995403526314126e-01
2.750207897769941234e-01
2.733577343387792458e-01
2.729125288537189165e-01
2.731204592344428916e-01
2.720926085314592791e-01
2.703840304869044031e-01
2.700570820905938141e-01
2.702021443391895428e-01
2.688690239714946473e-01
2.673130418609137027e-01
2.672253824099762864e-01
2.672466346872345300e-01
2.659648651662334662e-01
2.639968881372151133e-01
2.622664170552513330e-01
2.615852758965821478e-01
2.617590425989802516e-01
2.612489089173334889e-01
2.596127604700047553e-01
2.576257583166159382e-01
2.561977310739131930e-01
2.560808311837767248e-01
2.561299639015802709e-01
2.547255323873984234e-01
2.532244572237721258e-01
2.532463534896206014e-01
2.531148977708896353e-01
2.514935173949498504e-01
2.502606686809808467e-01
2.504040476301331863e-01
2.501362557968533351e-01
2.485866587159986651e-01
2.465963265239690116e-01
2.450615015319274059e-01
2.447045327162941653e-01
2.448514814581397858e-01
2.440084097111815398e-01
2.422026389372893829e-01
2.402670977920893791e-01
2.391377394925901512e-01
2.392610879466136597e-01
2.390124096852328517e-01
2.373499350098522420e-01
2.362067466752598155e-01
2.364331990389215155e-01
2.358841924117525690e-01
2.341173322158286996e-01
2.333782607809559706e-01
2.336406240357487563e-01
2.326587073722797827e-01
2.309357504148711326e-01
2.306230271800937537e-01
2.307605841830413507e-01
2.293840596324375758e-01
2.278653464874348389e-01
2.278905475689876892e-01
2.277541031925666704e-01
2.261264902156666090e-01
2.249044562870891051e-01
2.250521026547434023e-01
2.247779109699312161e-01
2.232237074642682839e-01
2.212104388992742199e-01
2.196766884084133120e-01
2.194283609431235682e-01
2.195624223146538934e-01
2.183157119780948507e-01
2.167024388111573607e-01
2.165680679185760793e-01
2.165950550179736034e-01
2.151517319324743882e-01
2.136549385260930189e-01
2.134733282103339902e-01
2.139018179771335904e-01
2.140629771088422562e-01
2.134047946380164262e-01
2.118684072591722201e-01
2.100096143273307847e-01
2.084837729817816676e-01
2.079311354740495665e-01
2.081017890649562441e-01
2.082131170914016671e-01
2.081592766742269562e-01
2.081379771957244662e-01
2.081535830713268642e-01
2.081571349699861129e-01
2.081528934444592527e-01
2.081524522685275214e-01
2.081535464052261530e-01
2.081535469539966821e-01
2.081532777468042550e-01
2.081533039996735224e-01
2.081533671493400184e-01
2.081533544151273341e-01
2.081533403693637263e-01
2.081533449405592040e-01
2.081533478669905235e-01
2.081533464302225966e-01
2.081533458725638996e-01
2.081533462878985552e-01
2.081533463802621164e-01
2.081533462676172785e-01
2.081533462563639469e-01
2.081533462853688565e-01
2.081533462852767080e-01
2.081533462781525734e-01
2.081533462788737188e-01
2.081533462805418289e-01
2.081533462801984924e-01
2.081533462798282885e-01
2.081533462799506351e-01
2.081533462800275736e-01
2.081533462799892154e-01
2.081533462799745604e-01
2.081533462799857181e-01
2.081533462799881606e-01
2.081533462799851075e-01
2.081533462799848300e-01
2.081533462799856071e-01
2.081533462799856071e-01
2.081533462799853851e-01
2.081533462799853851e-01
2.081533462799854406e-01
2.081533462799853296e-01
2.081533462799854406e-01
2.081533462799854406e-01
2.081533462799854406e-01
2.081533462799854961e-01
2.081533462799854406e-01
2.081533462799854406e-01
2.081533462799854406e-01
2.081533462799854406e-01
2.081533462799854406e-01
2.081533462799854406e-01
2.081533462799854406e-01
2.081533462799854406e-01
2.081533462799854406e-01
2.081533462799854406e-01
2.081533462799854406e-01
2.081533462799854961e-01
2.081533462799854406e-01
2.081533462799854406e-01
2.081533462799854406e-01
2.081533462799853851e-01
2.081533462799853851e-01
2.081533462799854406e-01
2.081533462799854406e-01
2.081533462799855516e-01
2.081533462799854961e-01
2.081533462799854406e-01
2.081533462799854406e-01
2.081533462799854406e-01
2.081533462799854406e-01
2.081533462799854406e-01
2.081533462799853851e-01
2.081533462799854406e-01
2.081533462799854406e-01
2.081533462799854406e-01
2.081533462799854406e-01
2.081533462799854406e-01
2.081533462799854406e-01
2.081533462799854406e-01
2.081533462799854406e-01
2.081533462799853851e-01
2.081533462799853851e-01
2.081533462799854406e-01
2.081533462799855516e-01
2.081533462799854406e-01
2.081533462799854406e-01
2.081533462799854961e-01
2.081533462799854406e-01
2.081533462799853851e-01
2.081533462799853851e-01
2.081533462799853296e-01
2.081533462799854406e-01
2.081533462799854961e-01
2.081533462799854961e-01
2.081533462799854406e-01
2.081533462799854961e-01
2.081533462799854961e-01
2.081533462799854406e-01
2.081533462799854406e-01
2.081533462799854406e-01
2.081533462799854406e-01
2.081533462799854406e-01
2.081533462799854406e-01
2.081533462799854406e-01
2.081533462799854961e-01
2.081533462799854406e-01
2.081533462799854406e-01
2.081533462799854961e-01
2.081533462799854406e-01
2.081533462799853851e-01
2.081533462799854406e-01
2.081533462799854406e-01
2.081533462799854406e-01
2.081533462799854961e-01
2.081533462799854406e-01
2.081533462799853851e-01
2.081533462799854406e-01
2.081533462799854406e-01
2.081533462799854406e-01
2.081533462799853851e-01
2.081533462799853851e-01
2.081533462799853296e-01
2.081533462799854406e-01
2.081533462799854406e-01
2.081533462799854961e-01
2.081533462799854961e-01
2.081533462799854406e-01
2.081533462799854406e-01
2.081533462799854406e-01
2.081533462799854406e-01
2.081533462799854406e-01
2.081533462799854961e-01
2.081533462799854406e-01
2.081533462799854406e-01
2.081533462799854961e-01
2.081533462799854406e-01
2.081533462799854406e-01
2.081533462799854406e-01
2.081533462799854961e-01
2.081533462799854406e-01
2.081533462799854406e-01
2.081533462799853851e-01
2.081533462799854961e-01
2.081533462799854961e-01
2.081533462799854406e-01
2.081533462799853851e-01
2.081533462799854961e-01
2.081533462799854406e-01
2.081533462799853851e-01
2.081533462799854406e-01
2.081533462799854406e-01
2.081533462799854406e-01
2.081533462799854406e-01
2.081533462799854406e-01
2.081533462799854406e-01
2.081533462799854406e-01
2.081533462799854406e-01
2.081533462799854406e-01
2.081533462799853851e-01
2.081533462799853296e-01
2.081533462799854406e-01
2.081533462799854406e-01
2.081533462799854406e-01
2.081533462799854406e-01
2.081533462799854961e-01
2.081533462799854406e-01
2.081533462799854406e-01
2.081533462799854406e-01
2.081533462799854406e-01
2.081533462799854406e-01
2.081533462799853851e-01
2.081533462799854406e-01
2.081533462799854406e-01
2.081533462799854406e-01
2.081533462799853851e-01
2.081533462799854406e-01
2.081533462799853851e-01
2.081533462799854406e-01
2.081533462799854406e-01
2.081533462799853851e-01
2.081533462799854406e-01
2.081533462799854406e-01
2.081533462799854961e-01
2.081533462799855516e-01
2.081533462799853851e-01
2.081533462799854406e-01
2.081533462799854406e-01
2.081533462799854406e-01
2.081533462799854961e-01
2.081533462799851630e-01
2.081533462799852741e-01
2.081533462799862177e-01
2.081533462799858847e-01
2.081533462799819434e-01
2.081533462799848855e-01
2.081533462799999845e-01
2.081533462799812773e-01
2.081533462799282086e-01
2.081533462800281842e-01
2.081533462802003243e-01
2.081533462797132139e-01
2.081533462792178324e-01
2.081533462814331714e-01
2.081533462825478908e-01
2.081533462730115747e-01
2.081533462722850447e-01
2.081533463113963145e-01
2.081533462987085747e-01
2.081533461456621659e-01
2.081533462601363182e-01
2.081533468293798039e-01
2.081533461166725218e-01
2.081533441256480654e-01
2.081533479318181667e-01
2.081533543632617111e-01
2.081533358748252072e-01
2.081533174737629222e-01
2.081534013680641504e-01
2.081534421487730713e-01
2.081530816928246486e-01
2.081530596756627216e-01
2.081545354487409072e-01
2.081540344514776764e-01
2.081482699357881661e-01
2.081526793436904721e-01
2.081740760389699796e-01
2.081468324316442242e-01
2.080721872993585020e-01
2.082170581661249575e-01
2.084573306122646241e-01
2.077389614685490882e-01
2.060448972140856427e-01
2.050746058233964275e-01
2.052243496268117418e-01
2.053644114945721300e-01
2.053050589823651184e-01
2.055455025324282592e-01
2.054627801104545459e-01
2.041033804268249652e-01
2.025518978110175117e-01
2.022405817278336015e-01
2.025413535142146504e-01
2.025865705865856348e-01
2.025074095706082544e-01
2.025041749303622685e-01
2.025240224291352531e-01
2.025228726819273684e-01
2.025181247765145964e-01
2.025188758270627387e-01
2.025199558526801225e-01
2.025196619944286680e-01
2.025194304840137738e-01
2.025195270556670035e-01
2.025195730200921029e-01
2.025195442010236935e-01
2.025195358962549319e-01
2.025195441313605293e-01
2.025195459327185921e-01
2.025195425622399736e-01
2.025195404546566991e-01
2.025195470985691193e-01
2.025195527656418193e-01
2.025195250604926445e-01
2.025195130659672715e-01
2.025196309284477691e-01
2.025196327997075829e-01
2.025191528790745155e-01
2.025193376181270155e-01
2.025212021087173797e-01
2.025196797930048365e-01
2.025128023058458404e-01
2.025220062280814193e-01
2.025458102638317270e-01
2.024974717755289033e-01
2.024216807643680616e-01
2.026538165947256442e-01
2.028652350591098608e-01
2.017741189020533787e-01
2.000000000000000111e-01
2.000765755236311172e-01
2.019655424051750026e-01
2.037682659443753597e-01
2.051423544538867327e-01
2.065588466831871362e-01
2.081228663964457271e-01
2.097414427477153898e-01
2.110901914911425536e-01
2.122268020976400549e-01
2.144897158377514490e-01
2.179450566094964792e-01
2.196469381781535612e-01
2.192184678665825004e-01
2.204126465385490286e-01
2.237986036516793065e-01
2.264400087474974788e-01
2.276495168083492726e-01
2.285565770118530571e-01
2.303114662452132033e-01
2.335957011220975987e-01
2.363035106658415985e-01
2.363890951639164295e-01
2.364446062887048949e-01
2.389975485109991915e-01
2.429125952475066907e-01
2.464034120967350527e-01
2.477333705190958302e-01
2.473333967940342659e-01
2.486079724419316683e-01
2.519747223309475315e-01
2.547712751017216504e-01
2.576788799387765283e-01
2.635743039211916328e-01
2.717944462338648948e-01
2.799735460382924424e-01
2.869687833122492870e-01
2.926539621855138162e-01
2.991836835661764171e-01
3.080684172218259298e-01
3.173364956046164087e-01
3.251813887832295524e-01
3.313682200059674399e-01
3.370142147647915976e-01
3.447582041729160274e-01
3.541758925707390593e-01
3.618290248592281877e-01
3.673859383839050419e-01
3.727902917033164010e-01
3.790735332502855881e-01
3.865258061101327636e-01
3.940360639576403479e-01
4.003861596243152299e-01
4.060050950954260940e-01
4.117297463520769307e-01
4.183634360102336247e-01
4.259847102302178889e-01
4.332735921104818866e-01
4.393600226430319777e-01
4.442579523862271174e-01
4.486350934572119753e-01
4.536978731829438560e-01
4.599311293407368773e-01
4.672122715829407635e-01
4.748292120294491658e-01
4.817715986563356756e-01
