7.041482761289027392e-01
6.949939599162788806e-01
6.914507429349626699e-01
6.911534413789984788e-01
6.917429399218694153e-01
6.917642638752198314e-01
6.916127958232665129e-01
6.916177877507797556e-01
6.916686658544116684e-01
6.916709984475044593e-01
6.915986516299237330e-01
6.915932265718738314e-01
6.918566366621173858e-01
6.917915487828292243e-01
6.907634095863165458e-01
6.914026997187523449e-01
6.967318429171531768e-01
7.044110790071115291e-01
7.113093188175303450e-01
7.175839505844514576e-01
7.240208358883742923e-01
7.311076530757647518e-01
7.382607716561114808e-01
7.431034888389816961e-01
7.482969108207120357e-01
7.633762650032180908e-01
7.909973308707167750e-01
8.264794058093891671e-01
8.671609311876316006e-01
9.120345060012824412e-01
9.590818413459404335e-01
1.005968327485227576e+00
1.052079312965566338e+00
1.097812487131029968e+00
1.145037667226797895e+00
1.193694602078531064e+00
1.236120727303614997e+00
1.272040433386074199e+00
1.321803418641268157e+00
1.394441126428862310e+00
1.475000343169993400e+00
1.554402739893105512e+00
1.633775075121666198e+00
1.713450841464102758e+00
1.793082172909205463e+00
1.880489623912925179e+00
1.986696221428602138e+00
2.102439135691323013e+00
2.211384297567069002e+00
2.315562602004492820e+00
2.421611464662780211e+00
2.527616068061810939e+00
2.632118541522353361e+00
2.741453160122657717e+00
2.859722284109030177e+00
2.983330061675996348e+00
3.109196257611379188e+00
3.236665276427979965e+00
3.368612257807216182e+00
3.511370496039107003e+00
3.665543020752002334e+00
3.826380699382938566e+00
3.985247337157357794e+00
4.132416136441804611e+00
4.267406660827656850e+00
4.394384997500788259e+00
4.519757480156604501e+00
4.649610455354695304e+00
4.786141205752696415e+00
4.930053526431509958e+00
5.080468167985654482e+00
5.234051851738827033e+00
5.383413223322290442e+00
5.528121552577894171e+00
5.677769369573336000e+00
5.831599309431473088e+00
5.977573537569384143e+00
6.107888237044857505e+00
6.219748549653847824e+00
6.323484679762437111e+00
6.434059656189539567e+00
6.547943238454443815e+00
6.656171672061049982e+00
6.760301109917842943e+00
6.864816011209630808e+00
6.973572367369916591e+00
7.087057640887183929e+00
7.198055007046694875e+00
7.303656767485187551e+00
7.410262568944854245e+00
7.517646465955939661e+00
7.616384134326625421e+00
7.707737963423455518e+00
7.802970003922458986e+00
7.903680773102605528e+00
8.004695957410362439e+00
8.103475121155369720e+00
8.197698342872506316e+00
8.277727271490263661e+00
8.335788331831910369e+00
8.383688721083238704e+00
8.434801271273151713e+00
8.491471842303177198e+00
8.551882910671452009e+00
8.609740206368652338e+00
8.662568334053990071e+00
8.714797334381952254e+00
8.768111888230922801e+00
8.820454787994194135e+00
8.873273806652708373e+00
8.929622600209757621e+00
8.973864158509712752e+00
8.982833716047874617e+00
8.968318924972756179e+00
8.954275482998689029e+00
8.941442429071624787e+00
8.923964839147185302e+00
8.900855800316275435e+00
8.873784083379952392e+00
8.848457571356348694e+00
8.828196838257127865e+00
8.810251744072164826e+00
8.791035985166839595e+00
8.766980466115661841e+00
8.739671175607035991e+00
8.715858393388344894e+00
8.696832391680864305e+00
8.679243586948967248e+00
8.658603724153746128e+00
8.631445712689078675e+00
8.605513338586327166e+00
8.590062858677757873e+00
8.578499145788168079e+00
8.561515040827316625e+00
8.537133094971011360e+00
8.508455500693415274e+00
8.487116249330302509e+00
8.475602028124011866e+00
8.457972923520141961e+00
8.430019713515918056e+00
8.405076842989579688e+00
8.386264491095577256e+00
8.366179566788829902e+00
8.345988248465005199e+00
8.332076980808693634e+00
8.319147025414110885e+00
8.298520196148668759e+00
8.279535622633538594e+00
8.272981638857732634e+00
8.265497336430847497e+00
8.245327668604748084e+00
8.226342572513061668e+00
8.219028829850962836e+00
8.215211936525403047e+00
8.208686670829308696e+00
8.200637039193061639e+00
8.193606145963165943e+00
8.190748953175493341e+00
8.191375014161010881e+00
8.191645738269102139e+00
8.191488624315848455e+00
8.192745088369328244e+00
8.192092284268611024e+00
8.185511931758085780e+00
8.179136705431481857e+00
8.179244571104145933e+00
8.178713873959072345e+00
8.171786664863862626e+00
8.165832601073262254e+00
8.165749071092673006e+00
8.166808682252721496e+00
8.166507660311864925e+00
8.167250780802035592e+00
8.167816993438083983e+00
8.163040686260153223e+00
8.155570183034264176e+00
8.153563069261004159e+00
8.154418900202522025e+00
8.150246995230645553e+00
8.142265320484725066e+00
8.134948945425136912e+00
8.128932944937229621e+00
8.123197679188869813e+00
8.115144058267162563e+00
8.102872077104130710e+00
8.087182516524556775e+00
8.071974349980802543e+00
8.065849747583612839e+00
8.067572085143105198e+00
8.062401005001651910e+00
8.047686621780187011e+00
8.033280258312306188e+00
8.020524995543004465e+00
8.005096776286389826e+00
7.992612649374351008e+00
7.991405529987728684e+00
7.991841136296831571e+00
7.981252144377706692e+00
7.965565296783105431e+00
7.952517265793794365e+00
7.938754550886177874e+00
7.923321814652537043e+00
7.915789486799378771e+00
7.917413637708156315e+00
7.913318718395733420e+00
7.898996117199398093e+00
7.884293033626773806e+00
7.871601193132846674e+00
7.856395626936714116e+00
7.843262569812102569e+00
7.841119909982164238e+00
7.842099087503262567e+00
7.832849209325784656e+00
7.816756290297467658e+00
7.801861122909786950e+00
7.790641396424832443e+00
7.783361583888173563e+00
7.777987280903221112e+00
7.772066169470795316e+00
7.763161261743079855e+00
7.750163472753622607e+00
7.734123088088590059e+00
7.719940902378658265e+00
7.715905235984116928e+00
7.717464292079529109e+00
7.710468714335473983e+00
7.694995019423999771e+00
7.679447055744984318e+00
7.667470969642871559e+00
7.659855133728670218e+00
7.653972085228758715e+00
7.647183030746954380e+00
7.640853724401282854e+00
7.635362864393371751e+00
7.626128258224171397e+00
7.612138634780625246e+00
7.600583689942011389e+00
7.594283919641547698e+00
7.588792095143056748e+00
7.582008943807871049e+00
7.574821107931371422e+00
7.568249188522271353e+00
7.562933850660507495e+00
7.555856486432444008e+00
7.543222307040790220e+00
7.529719823668780343e+00
7.521611017206680572e+00
7.516296471265325962e+00
7.509903940156296365e+00
7.502922079884039697e+00
7.496265359992008825e+00
7.489720237188218555e+00
7.483082965044782320e+00
7.476447002566747990e+00
7.469830272273069838e+00
7.463128646112657805e+00
7.456474679471878808e+00
7.450156675464378431e+00
7.443499673194243549e+00
7.435611330875476988e+00
7.429543971768865163e+00
7.428966343162447750e+00
7.429182919771347038e+00
7.424222819967963183e+00
7.415768851098301973e+00
7.407629781204623676e+00
7.403925521250603659e+00
7.404903865534761209e+00
7.402466121392023979e+00
7.394741796051765625e+00
7.391066840334995725e+00
7.392229267770569656e+00
7.388549113985099837e+00
7.380825889840049392e+00
7.378388308261722095e+00
7.379366863521232389e+00
7.375682264876883387e+00
7.367526562479242536e+00
7.358977216697603296e+00
7.354117371167194328e+00
7.354688176262314414e+00
7.353580003945197063e+00
7.346305373777838099e+00
7.341073548091557655e+00
7.341841405281017252e+00
7.340232088756828865e+00
7.333052174569719917e+00
7.326347875719633862e+00
7.320378032555155734e+00
7.309073014478035368e+00
7.294945858390022408e+00
7.286374463479084795e+00
7.280586714792989689e+00
7.269646257430641967e+00
7.255052101203596671e+00
7.241345371495967242e+00
7.228465669316248565e+00
7.215301140230506505e+00
7.201894528939588369e+00
7.188536185572433901e+00
7.175512841931793950e+00
7.162519686738089142e+00
7.148274199212608870e+00
7.134289478682654284e+00
7.125532734593948980e+00
7.119844876499504593e+00
7.108750262775232365e+00
7.094560604954997629e+00
7.086145094114095322e+00
7.080322276080170063e+00
7.069118744728869252e+00
7.054538970982751955e+00
7.041133601300937350e+00
7.027937829811723880e+00
7.013877236195424913e+00
7.002148436917845054e+00
6.994928647361987828e+00
6.990301777985554743e+00
6.984729022620027372e+00
6.973181348451808148e+00
6.958508039520798327e+00
6.952431872638507038e+00
6.954051233558462108e+00
6.951699446977049668e+00
6.943690699534003308e+00
6.934964202726074056e+00
6.929415626635266001e+00
6.929119417933978120e+00
6.929131238555060968e+00
6.923979794234119467e+00
6.915566755403866672e+00
6.907604746438619436e+00
6.903804747053174928e+00
6.904442013450688975e+00
6.902959352401948578e+00
6.896262750580246070e+00
6.887578463118321892e+00
6.880639174240983813e+00
6.878808434444048991e+00
6.879529479929478164e+00
6.876106412888828956e+00
6.868302505799975144e+00
6.859798530930548033e+00
6.854326981083411319e+00
6.854131647851334996e+00
6.854048240369932543e+00
6.848725996285527806e+00
6.840259111866793695e+00
6.832379941733706552e+00
6.828781527834872911e+00
6.829466299000134022e+00
6.827803203442480928e+00
6.820978255587037076e+00
6.812271153577641236e+00
6.805452573038527575e+00
6.803897697412552681e+00
6.804576212984114747e+00
6.800598040409701284e+00
6.792841756663683839e+00
6.785749931745793440e+00
6.779395403369286477e+00
6.772585864028715541e+00
6.766203294104824906e+00
6.760533662120435494e+00
6.752131401374730224e+00
6.739120883310996568e+00
6.724870773191576667e+00
6.711634410959405272e+00
6.698613888319530751e+00
6.685323192475668641e+00
6.672003837613021737e+00
6.658753539417527456e+00
6.645503413601112186e+00
6.632236749105477891e+00
6.618973278359170820e+00
6.605711220000520356e+00
6.592442533122416570e+00
6.579185716794108352e+00
6.565947725750295838e+00
6.552651003758424686e+00
6.539303303968140746e+00
6.526214816363112625e+00
6.513227497916505904e+00
6.499145415887789490e+00
6.485083562486814834e+00
6.475650808692111404e+00
6.469864438270708895e+00
6.460521504268154303e+00
6.446410731813575268e+00
6.431471312235229831e+00
6.418711563673453746e+00
6.410073010986260478e+00
6.404540222857574072e+00
6.399545728798904598e+00
6.391290591227359208e+00
6.377799184094609330e+00
6.365139821001528198e+00
6.357984125351351601e+00
6.352660596558683537e+00
6.346109428577991984e+00
6.338933520421734968e+00
6.332136400702228052e+00
6.326597604749207626e+00
6.320352236237327226e+00
6.309008501571518934e+00
6.294990855823835219e+00
6.285245165260242572e+00
6.279868250541047914e+00
6.275089201277386231e+00
6.267171637081233371e+00
6.254013604687527206e+00
6.240923803222906407e+00
6.233096856063729874e+00
6.228346276872980702e+00
6.222930515367083082e+00
6.213051149534916107e+00
6.198987004596712147e+00
6.187855295085515017e+00
6.181738037424779009e+00
6.175727830968024357e+00
6.168791238683776434e+00
6.163483996655555686e+00
6.156777106985907189e+00
6.143200172836810857e+00
6.130086674823618687e+00
6.128097677610163885e+00
6.129180308057371462e+00
6.122767715786488374e+00
6.116342607712133450e+00
6.116838733541160700e+00
6.115718211527046755e+00
6.108211812159897391e+00
6.103512507336791515e+00
6.104554052984555668e+00
6.102012977905906688e+00
6.094387969719371689e+00
6.090018888268920350e+00
6.090886576489199733e+00
6.093079196656252527e+00
6.092498000259635837e+00
6.086152600363448961e+00
6.079460591933699476e+00
6.079214312358844907e+00
6.079071622149490928e+00
6.072213304261773636e+00
6.066291744526805196e+00
6.066958044713254949e+00
6.065513407751565111e+00
6.057911046151138734e+00
6.053519373252843394e+00
6.054632213461079715e+00
6.051692271584939498e+00
6.043978462390426465e+00
6.040422456787728045e+00
6.041433540804816538e+00
6.041184294334567717e+00
6.041192778842142452e+00
6.046208857416424998e+00
6.053746750602536864e+00
6.059759524197513514e+00
6.067193275881082037e+00
6.079421944538034417e+00
6.094223096630829062e+00
6.108402599217290785e+00
6.119292107294772798e+00
6.126088258402820230e+00
6.131140111474393528e+00
6.137322263235354569e+00
6.147609230127525137e+00
6.161439885850994003e+00
6.175107585490740902e+00
6.188188502604655916e+00
6.202255128453298738e+00
6.215177312177586622e+00
6.223645155120222761e+00
6.229032910839757520e+00
6.234416220756441085e+00
6.242581238981302683e+00
6.255048539529718177e+00
6.269721177602346707e+00
6.283818992570548545e+00
6.294599236859518498e+00
6.301293702951835662e+00
6.306300828428364369e+00
6.312566045358765088e+00
6.323126512978793912e+00
6.337030585072585431e+00
6.350236783999187118e+00
6.363404401779230390e+00
6.379148324945231430e+00
6.391060951905805254e+00
6.391734902434570209e+00
6.391705701059928302e+00
6.402836264867366900e+00
6.418498174645052678e+00
6.431493472283102975e+00
6.445326187364973869e+00
6.460456683710657622e+00
6.467828999847591298e+00
6.466556766819161695e+00
6.468904779949374628e+00
6.476738630801359697e+00
6.480208563838085745e+00
6.479153416636521001e+00
6.480534497474472744e+00
6.480235777010858733e+00
6.469628337631958104e+00
6.454982967126540849e+00
6.446414356261002787e+00
6.441403469117021885e+00
6.435094666741913549e+00
6.428028087525165191e+00
6.421356997521767696e+00
6.414838192444849874e+00
6.408207169542669668e+00
6.401546478816303676e+00
6.394916481840962952e+00
6.388299205051592544e+00
6.381669256632171994e+00
6.375005684034078968e+00
6.368375793565355103e+00
6.361868806169143298e+00
6.355188645441207207e+00
6.348078076084588517e+00
6.341823090205421565e+00
6.336967314846710053e+00
6.328116023193089745e+00
6.312880388198643722e+00
6.303436161765604062e+00
6.305080066669991545e+00
6.301328040281853227e+00
6.286397876430980247e+00
6.276685955704549791e+00
6.277761902312981590e+00
6.279878802986670117e+00
6.279419033611657319e+00
6.278943503925974667e+00
6.279102144280993336e+00
6.279203226712734676e+00
6.279154034972513898e+00
6.279134069682309693e+00
6.279148287767465142e+00
6.279151822836746000e+00
6.279147931998545040e+00
6.279147421297420095e+00
6.279148440218594196e+00
6.279148475778292493e+00
6.279148215579380299e+00
6.279148225964108043e+00
6.279148306708226990e+00
6.279148307007083929e+00
6.279148212520736294e+00
6.279148206972974045e+00
6.279148537353065329e+00
6.279148454627866194e+00
6.279147168739587670e+00
6.279147972441812442e+00
6.279152818344417852e+00
6.279147706378139127e+00
6.279130283108055544e+00
6.279158002608800082e+00
6.279217077146160619e+00
6.279080370199357830e+00
6.278895203121200197e+00
6.279526139906587368e+00
6.280036566105993145e+00
6.277043070605693664e+00
6.269976784852172358e+00
6.261374346143805170e+00
6.254941080608085180e+00
6.254271268033445352e+00
6.254618794034505491e+00
6.248626237345833445e+00
6.241801804114360586e+00
6.241667763096032218e+00
6.241394631257412229e+00
6.234462547494729279e+00
6.228616205056257016e+00
6.229033339805155833e+00
6.228282923468341892e+00
6.221804744454454195e+00
6.212932659867180796e+00
6.205763351115274773e+00
6.204060167059332720e+00
6.204921246137985236e+00
6.200185736062013397e+00
6.192693329223279974e+00
6.191365148121719564e+00
6.191974590298891634e+00
6.186060272689773321e+00
6.179183753671630086e+00
6.178760068107231440e+00
6.178917497476453136e+00
6.173376912070578371e+00
6.164664321269577307e+00
6.156863989553650107e+00
6.153890157804270622e+00
6.154868179214807888e+00
6.151834968972178075e+00
6.144233170702070090e+00
6.140220891490486999e+00
6.141113518446931430e+00
6.142306088956517307e+00
6.141925643670585799e+00
6.140353986275718157e+00
6.141269674946458146e+00
6.147995570970524959e+00
6.154223487515854352e+00
6.154042190136014057e+00
6.154659850295023382e+00
6.161555779888055362e+00
6.167641936743788023e+00
6.167998041843080870e+00
6.165789324079384848e+00
6.165090197594214949e+00
6.169718564549262929e+00
6.177274687316843149e+00
6.179597204370348429e+00
6.178641178373781351e+00
6.183194826689234702e+00
6.190723751717828627e+00
6.193419081880525923e+00
6.191784480638523824e+00
6.189845356952145217e+00
6.191973326488953155e+00
6.199636482654382164e+00
6.204297983711133391e+00
6.202376499635458451e+00
6.207005825302373658e+00
6.222010164545275224e+00
6.231087461743228140e+00
6.229714928485453385e+00
6.230633935115267086e+00
6.238168461085772165e+00
6.247560073464290653e+00
6.253712172668399738e+00
6.252902882522868744e+00
6.253242973616711886e+00
6.265415376359862343e+00
6.278989820406903455e+00
6.280769791691136916e+00
6.279248690054154203e+00
6.284451363022342640e+00
6.293665139955680665e+00
6.301805142840725793e+00
6.303934101912698651e+00
6.302094973820217660e+00
6.308930175288797848e+00
6.324070070664607357e+00
6.331625862143924088e+00
6.329864436768390057e+00
6.329173568306074138e+00
6.329577454480366683e+00
6.325166405291486882e+00
6.317415102542979888e+00
6.310474480651676821e+00
6.304046295440255854e+00
6.297029050935501360e+00
6.290994271916752645e+00
6.285937067680213985e+00
6.275872467652322761e+00
6.260617720295371669e+00
6.253155958200470543e+00
6.255070809646489316e+00
6.249821426290246507e+00
6.234877102312453623e+00
6.223474166726818524e+00
6.218066633749513628e+00
6.212464074570492656e+00
6.205429538029293646e+00
6.198553074835679411e+00
6.192065321183563675e+00
6.185603367829106247e+00
6.178794146025087031e+00
6.171694306032557087e+00
6.165842494306231103e+00
6.160765537638410727e+00
6.150327063482396106e+00
6.135012917809519628e+00
6.128349092634366890e+00
6.130551179537612860e+00
6.123411099928959267e+00
6.107896511037864684e+00
6.103175367926901629e+00
6.105163708709315351e+00
6.095291774524750572e+00
6.080484864320506055e+00
6.077501950962865607e+00
6.079196452127075823e+00
6.073396143803670100e+00
6.066267886689803213e+00
6.065352911222155363e+00
6.066863896824552960e+00
6.066958065204348216e+00
6.066559877235138565e+00
6.066555666738628005e+00
6.066717173871743363e+00
6.066747500433688600e+00
6.066433639794809984e+00
6.066375790379891164e+00
6.067585373501087176e+00
6.067401551365290580e+00
6.061750636356498134e+00
6.054673524710984189e+00
6.052676519443425107e+00
6.054156506439459129e+00
6.055187738982025003e+00
6.053810501401819089e+00
6.051301507350250297e+00
6.056598324339883099e+00
6.071490802455046243e+00
6.080796512803439136e+00
6.079579740428294521e+00
6.080809956101009384e+00
6.088384773983835707e+00
6.095124760465536973e+00
6.101323783755563390e+00
6.112947719984084038e+00
6.126927992775027754e+00
6.135903887792228950e+00
6.141246701654218931e+00
6.147341744993704005e+00
6.154434934675226287e+00
6.161480265186675354e+00
6.167466890595148854e+00
6.172938985852307603e+00
6.182325265569391881e+00
6.196331281801135127e+00
6.207803907865517168e+00
6.214071979294045533e+00
6.219565873567678871e+00
6.226352608708092262e+00
6.233604674987538452e+00
6.240163542300009247e+00
6.245204352084123833e+00
6.252430410235842118e+00
6.266159219163518479e+00
6.278832663899906130e+00
6.281365848648473360e+00
6.279009303575449508e+00
6.278618920282252880e+00
6.279224730038531987e+00
6.279227728095889027e+00
6.279170809183832525e+00
6.279293458250268856e+00
6.278865939194697710e+00
6.278555585501128355e+00
6.280561741522252994e+00
6.281065372399379676e+00
6.271697554827978749e+00
6.256961266100065089e+00
6.248385980226268011e+00
6.242658850639501544e+00
6.231086993281201636e+00
6.216723623110614660e+00
6.204481686282045771e+00
6.189692214508468737e+00
6.169119705646264329e+00
6.150686768845533337e+00
6.138254399544519124e+00
6.123148738258294976e+00
6.102433170257985040e+00
6.084134605390918438e+00
6.071333811074656417e+00
6.060453583802964950e+00
6.047124295580070807e+00
6.027488506019073711e+00
6.007257798846734609e+00
5.995374211099394834e+00
5.981115495334496934e+00
5.950198329689416532e+00
5.915799132964943752e+00
5.893672647637366424e+00
5.876504603769586943e+00
5.856300115059548617e+00
5.837084881437737849e+00
5.822860789253928360e+00
5.813859469067567787e+00
5.807790112637246871e+00
5.799527382352122729e+00
5.786059448571729824e+00
5.767064095156417380e+00
5.746637531820429245e+00
5.731264509635889404e+00
5.718890180981882843e+00
5.704180593387303766e+00
5.692032145315373270e+00
5.689227279179140950e+00
5.691842238679161170e+00
5.693582084917403030e+00
5.690637921887762296e+00
5.683051230404786658e+00
5.678684511867112761e+00
5.679747948657582590e+00
5.676994813613933211e+00
5.669181837693417769e+00
5.666144780917564461e+00
5.667310554419078272e+00
5.662660170412790350e+00
5.655078365278916053e+00
5.655512282894310516e+00
5.664960759705324200e+00
5.678988663602616782e+00
5.691496860956868353e+00
5.698217458592344187e+00
5.705073910806275350e+00
5.717596567259616513e+00
5.732185323116461007e+00
5.745508927922371889e+00
5.758440311629052566e+00
5.771722001945716052e+00
5.785045945753520158e+00
5.798286138892595254e+00
5.811615958647990965e+00
5.824897490069051109e+00
5.837809445773300077e+00
5.851139864945424485e+00
5.865803140407225946e+00
5.878270891354976158e+00
5.884837150430425545e+00
5.891843556683535432e+00
5.905372195566820359e+00
5.917882216229532588e+00
5.923865034050145084e+00
5.931903603465717545e+00
5.946080640063049927e+00
5.957283181670040229e+00
5.962948166426412122e+00
5.971780142322056228e+00
5.985809333021625989e+00
5.999443958351620587e+00
6.012405301326158913e+00
6.027973440435603791e+00
6.040550531504726095e+00
6.041919643154846753e+00
6.041372313026354135e+00
6.051735791292308875e+00
6.067445598099070025e+00
6.080604087307810879e+00
6.094187334570476899e+00
6.109432463778122546e+00
6.117781272890085553e+00
6.116927927767112472e+00
6.118045559702433245e+00
6.125336701006544260e+00
6.132134052806735625e+00
6.132036453927953268e+00
6.120569400199519450e+00
6.106179302567007028e+00
6.103833336911180574e+00
6.104926541193930412e+00
6.092958724688840810e+00
6.079329051152674523e+00
6.079254035813497659e+00
6.078484625693246990e+00
6.064303179087509044e+00
6.053153078122212705e+00
6.054684859978028300e+00
6.051404141524089120e+00
6.036563164743566468e+00
6.026280221509863644e+00
6.027082981252086746e+00
6.031584314224481602e+00
6.031590767860923741e+00
6.020215719929453257e+00
6.005885822135136998e+00
6.003859151859622934e+00
6.004755809453702575e+00
5.992494941002838971e+00
5.979090252305362618e+00
5.978973768650478249e+00
5.978353825861207227e+00
5.965244026532906751e+00
5.951708636391024321e+00
5.945628750280754993e+00
5.938294995297159318e+00
5.924920077069131708e+00
5.909391832274122791e+00
5.895842017109892197e+00
5.887532830176874121e+00
5.881619812784712131e+00
5.871126124584693073e+00
5.856808097402642410e+00
5.843338394886870901e+00
5.830156737300415060e+00
5.815590009421917728e+00
5.803773057919813461e+00
5.797683644247784152e+00
5.789921521596423482e+00
5.775969425759886811e+00
5.764203526547520440e+00
5.758345202950136077e+00
5.750139994960401957e+00
5.736407775161350031e+00
5.722304721598505672e+00
5.709345806721104033e+00
5.695175266420411830e+00
5.681862278082573603e+00
5.673962889933184428e+00
5.667906244539346439e+00
5.656946273710275364e+00
5.642207517865529098e+00
5.627626203359751500e+00
5.615885811162629082e+00
5.608340060177090969e+00
5.603241807116846829e+00
5.597746413415412015e+00
5.587962415833766627e+00
5.573970658607188433e+00
5.562548226385395367e+00
5.556247971934311636e+00
5.551673670931712934e+00
5.545084725962648342e+00
5.533275933408561720e+00
5.519385096622061226e+00
5.509948278411416211e+00
5.504664204186340726e+00
5.499833461242875643e+00
5.491669214066507543e+00
5.478278006796823973e+00
5.465471127302428123e+00
5.458123668397793615e+00
5.452901234562297361e+00
5.446535175848985944e+00
5.438927950037692582e+00
5.431676494110018183e+00
5.428225728052487931e+00
5.428684698122454577e+00
5.429417124891885216e+00
5.429236072237468846e+00
5.429074060429232240e+00
5.429134280026451265e+00
5.429167278074371161e+00
5.429149528104782796e+00
5.429146283876351120e+00
5.429148065413384572e+00
5.429137381171696752e+00
5.429154559758774923e+00
5.429194458610221652e+00
5.429103001946160134e+00
5.428977198296312423e+00
5.429401479407494513e+00
5.429749769380120661e+00
5.427887163622556521e+00
5.427163056279049158e+00
5.435829465525313431e+00
5.450601021936182455e+00
5.460500714709095149e+00
5.465781109818393269e+00
5.472086753942099868e+00
5.478868571477392813e+00
5.484313430066827699e+00
5.492394277461424501e+00
5.505926954107767557e+00
5.518514083199925757e+00
5.525525146867069637e+00
5.530843421693844242e+00
5.537434856409608308e+00
5.544620549212055494e+00
5.551384838893135054e+00
5.556882673808467565e+00
5.563241808861562276e+00
5.574787075872609243e+00
5.588760417063381780e+00
5.598302837202954407e+00
5.603589660694678898e+00
5.608391490627141707e+00
5.616512359716208103e+00
5.629890409301152587e+00
5.642714058558968127e+00
5.650039639081771980e+00
5.655397258403401572e+00
5.661972254435560181e+00
5.668925138328188673e+00
5.675541496607444891e+00
5.682094744886807547e+00
5.688736777283795121e+00
5.695385659519939026e+00
5.702012494090589634e+00
5.708642099603857822e+00
5.715274304609827105e+00
5.721896898190023784e+00
5.728533218929418247e+00
5.735200328816797644e+00
5.741795636085764265e+00
5.748296609939465007e+00
5.755126144425363854e+00
5.762202498030902120e+00
5.767846780013692332e+00
5.773067873955314511e+00
5.784377484531160185e+00
5.799652403729305128e+00
5.804177442014683663e+00
5.795883173142440725e+00
5.786458889058157418e+00
5.780449894471572314e+00
5.776071854415573803e+00
5.768680287996824418e+00
5.753061711176132853e+00
5.730565744362420055e+00
5.704847435602367511e+00
5.677554972573081393e+00
5.650104791556864292e+00
5.625134999570636118e+00
5.601404604535948017e+00
5.567799785589540917e+00
5.520897969583653087e+00
5.473196787266122243e+00
5.433038281916361179e+00
5.400928062896363180e+00
5.368938181596583981e+00
5.322983846631716531e+00
5.267546361470036409e+00
5.218362662205157321e+00
5.173199029550450412e+00
5.122324195893007470e+00
5.067869889321990229e+00
5.014873377271352517e+00
4.961625756647672247e+00
4.904558912155449590e+00
4.839962618928790761e+00
4.767287206497343277e+00
4.692897568509009076e+00
4.620240729122588874e+00
4.546757775271110802e+00
4.473208063963909353e+00
4.404527806778865795e+00
4.339040864822023558e+00
4.269639209825906612e+00
4.195560523963361987e+00
4.120374815806986390e+00
4.048627088696829190e+00
3.983218288635976378e+00
3.915760365110674268e+00
3.837931591089945194e+00
3.756426557905412800e+00
3.677528190078770631e+00
3.596478820347509764e+00
3.510303233763960584e+00
3.423237716164950761e+00
3.337323176038599293e+00
3.250311034256427867e+00
3.163569099253970673e+00
3.082214634267653075e+00
3.003461443558677058e+00
2.919153020006738153e+00
2.832120710482781689e+00
2.750335752277725199e+00
2.671990372338505448e+00
2.592349400391475989e+00
2.512963795300858560e+00
2.437281141553262032e+00
2.368629454003918333e+00
2.308027088145089056e+00
2.250824834054209855e+00
2.192141817798836989e+00
2.128365597161542055e+00
2.061084891655208473e+00
1.998238048636482356e+00
1.939546136670072585e+00
1.876793218528129081e+00
1.809455350275534613e+00
1.743141455251786986e+00
1.686189494373707687e+00
1.646205163412888917e+00
1.617526320100832748e+00
1.590969990058688666e+00
1.564475964840459810e+00
1.537967324506770872e+00
1.511413011463912826e+00
1.484847996231785316e+00
1.458431338597802718e+00
1.432025183482359632e+00
1.405018698442768610e+00
1.378192334389114260e+00
1.354035647094359085e+00
1.334519489471689635e+00
1.320603114404104605e+00
1.307767975182555498e+00
1.289199887544027590e+00
1.268692769393447550e+00
1.253537732608374533e+00
1.241625484505132437e+00
1.228697655583048443e+00
1.215065184136384646e+00
1.201752943787808503e+00
1.188590408200701720e+00
1.175336299911253546e+00
1.162033709601655085e+00
1.148757510848865904e+00
1.135571176998460663e+00
1.122342819015964333e+00
1.108780199338139649e+00
1.095484877873068585e+00
1.083442307760575707e+00
1.069872148561025638e+00
1.050840500611656569e+00
1.030559577840830077e+00
1.015319826233393785e+00
1.003743557138611742e+00
9.920274531820532093e-01
9.763740371850562205e-01
9.559196497296345019e-01
9.372643905759968641e-01
9.239777813278298169e-01
9.118724233536102952e-01
8.985125796089076244e-01
8.849724644540355456e-01
8.717586468465740035e-01
8.585649601108501505e-01
8.452844057772821440e-01
8.319855510382718755e-01
8.187370582617646830e-01
8.055650706808085149e-01
7.922349936198513909e-01
7.786458105270330776e-01
7.657777064826520874e-01
7.536683434197017917e-01
7.383288807460517411e-01
7.181340224340581058e-01
6.987893182224298450e-01
6.847112577227691954e-01
6.762980194474290663e-01
6.704563419471466501e-01
6.605604364745645274e-01
6.464891757742269318e-01
6.342436936343588405e-01
6.289193195168089057e-01
6.336109326006804654e-01
6.411279348601086614e-01
6.418346155211706039e-01
6.416211065910486511e-01
6.482843889726666031e-01
6.544457381740210744e-01
6.538914395693237180e-01
6.551186579466078408e-01
6.626612186542653049e-01
6.672481259821939625e-01
6.661379519842486330e-01
6.689960516438424598e-01
6.767746501898211919e-01
6.799227337167235152e-01
6.788674843854337615e-01
6.821480323406461377e-01
6.899624551798527738e-01
6.976137187771428438e-01
7.036834680815338139e-01
7.088640905386095481e-01
7.169389739343676737e-01
7.303795125313864434e-01
7.431058972326277656e-01
7.502909839445659479e-01
7.556002715826363181e-01
7.621435235634823613e-01
7.693258981158579424e-01
7.761316238568114478e-01
7.816563248564548649e-01
7.878762544049022765e-01
7.992720229057139747e-01
8.132984894721038138e-01
8.227362226362835429e-01
8.282399127124014937e-01
8.343400866799500770e-01
8.412812669106100039e-01
8.478775895413104280e-01
8.545790614780930383e-01
8.616965244988765704e-01
8.674814365349828860e-01
8.724328455474497090e-01
8.833318531389727779e-01
8.990899161461616274e-01
9.037527641328364503e-01
8.952718146790579201e-01
8.905614679869922057e-01
8.920150517220893915e-01
8.881169161938180512e-01
8.803873317184124359e-01
8.784162003295641341e-01
8.793157756227767408e-01
8.751651358389141988e-01
8.668191917433715199e-01
8.584032208399402508e-01
8.540119880413516995e-01
8.548022116945526161e-01
8.531595704748966558e-01
8.456131948445083646e-01
8.410895220938293670e-01
8.421999345301027784e-01
8.393110276121974467e-01
8.314924649948218782e-01
8.286174644220025698e-01
8.297348355967092415e-01
8.251116983033237595e-01
8.175818614351594293e-01
8.163901049966121315e-01
8.169244442576135690e-01
8.107671352779414198e-01
8.040950842378902230e-01
8.041686410193986667e-01
8.036746361335627142e-01
7.967360415893384173e-01
7.907725132301549609e-01
7.906627466325467646e-01
7.919502208178337277e-01
7.918581915538167593e-01
7.915670623604603717e-01
7.916257249206366531e-01
7.916142851640034506e-01
7.915898407517251156e-01
7.919118295517880712e-01
7.918177389877008032e-01
7.905012366746497765e-01
7.913932812594528521e-01
7.978700809277361472e-01
8.043480717927419255e-01
8.052106179357805260e-01
8.040454617406963544e-01
8.042351720065488152e-01
8.038337105988379028e-01
8.028896494010466789e-01
8.063116092380866462e-01
8.138139689579731995e-01
8.179098181161884584e-01
8.171721064382999611e-01
8.162896441084699362e-01
8.165546673968142599e-01
8.167468755201235941e-01
8.166620801801217633e-01
8.166169584549917149e-01
8.166470191192343187e-01
8.166787313603246501e-01
8.166405197216906053e-01
8.165528227785940896e-01
8.167170250040798329e-01
8.170019184374107679e-01
8.162252568450723000e-01
8.153731625333081601e-01
8.190209883267067781e-01
8.264797788098586784e-01
8.306517822267927009e-01
8.299000666464542153e-01
8.278004386267521220e-01
8.282769770435011170e-01
8.343739549275398515e-01
8.412228934448648943e-01
8.421624428839333820e-01
8.416569013520800446e-01
8.443424546481175241e-01
8.403809577734607794e-01
8.248522391988540869e-01
8.164614865508185160e-01
8.242109943162511110e-01
8.294117227272976844e-01
8.224326010513298701e-01
8.119218059079242877e-01
8.050248597570395237e-01
8.050451530365414499e-01
8.058321162004506988e-01
7.955145388221175340e-01
7.809127555195812809e-01
7.772405427088967533e-01
7.791756269231877585e-01
7.750307368023480192e-01
7.662746826546849022e-01
7.580469352920374826e-01
7.538942547353350010e-01
7.543635519788548516e-01
7.533340874653652319e-01
7.470581278081230847e-01
7.380852218607854009e-01
7.306095490887291044e-01
7.297191797707476280e-01
7.310081152756502387e-01
7.217693765321184785e-01
7.068249394265103680e-01
7.021292802918673859e-01
7.041496110848645129e-01
7.006114206313029946e-01
6.920147308381987550e-01
6.835887747418282201e-01
6.790086654206828332e-01
6.793214148441319988e-01
6.785995213838981188e-01
6.725739625213712491e-01
6.639685059155454594e-01
6.564942787056866624e-01
6.537436570954774373e-01
6.545319990456672787e-01
6.520720979463189293e-01
6.447400527482365362e-01
6.359797588630975440e-01
6.297772895671450710e-01
6.293467242076407064e-01
6.295257391273824110e-01
6.232907649532174466e-01
6.166635417419835674e-01
6.167577786896666359e-01
6.162216104035219688e-01
6.090436329215261901e-01
6.036206096682853461e-01
6.044470787431680536e-01
6.026513197147841394e-01
5.951811980383927558e-01
5.901880870744816709e-01
5.906836125759066247e-01
5.928420173079305133e-01
5.927397179547203576e-01
5.872908002725788501e-01
5.801125058521944267e-01
5.778357776970644011e-01
5.790462293937391758e-01
5.795068244527092904e-01
5.791371014772763726e-01
5.789712315284170074e-01
5.792072335179211384e-01
5.795288876852215942e-01
5.787961632880230800e-01
5.778137222374778448e-01
5.811982473951642358e-01
5.886825401364785826e-01
5.928820812463223566e-01
5.922006066685593373e-01
5.912955209597624551e-01
5.915483895142934490e-01
5.917398196751657569e-01
5.916603591013191998e-01
5.916447173400384285e-01
5.916509288844918890e-01
5.915658724065083751e-01
5.916682603739741309e-01
5.919955487927622828e-01
5.914216850217518529e-01
5.903271842152831850e-01
5.931607710839374992e-01
6.005093315931585574e-01
6.054366713310194159e-01
6.051505411936531909e-01
6.030572410947802053e-01
6.029611494884814515e-01
6.081586666004026309e-01
6.154296561514732700e-01
6.179668438461481950e-01
6.168070853547357180e-01
6.163073405411289007e-01
6.166438434782802736e-01
6.167271387896168244e-01
6.166435793141110677e-01
6.166550732439664007e-01
6.166303327560157532e-01
6.165497269431067240e-01
6.167771090353707519e-01
6.170182485696701358e-01
6.159735299745426884e-01
6.153877105144547333e-01
6.201891814769125988e-01
6.276860538710885562e-01
6.295216443926613392e-01
6.286977418837972342e-01
6.338698309642475381e-01
6.411907550186745075e-01
6.429290494920861798e-01
6.416313321620933374e-01
6.416823385887936437e-01
6.415059710313569807e-01
6.402873416712006049e-01
6.429905913990960897e-01
6.506096102506425671e-01
6.547063153753253095e-01
6.536260801244988539e-01
6.565877378553709454e-01
6.642708597908245638e-01
6.679938202909149192e-01
6.669992978117840199e-01
6.665511295831002547e-01
6.667623988979841654e-01
6.655225005014316908e-01
6.663972011504735171e-01
6.731791742370450971e-01
6.793046975434884338e-01
6.790118010488570555e-01
6.797859803032477721e-01
6.867860334950104395e-01
6.927276181114460085e-01
6.929514217594404668e-01
6.907263370599082686e-01
6.901312816528939464e-01
6.949436289411622392e-01
7.024587989699355717e-01
7.045442449570981092e-01
7.036412257504019996e-01
7.085246572108347962e-01
7.159499034023729669e-01
7.179589024613051151e-01
7.166716159169896905e-01
7.166630452455596823e-01
7.165584960358718503e-01
7.153017094911111595e-01
7.177152147285168482e-01
7.252715241062726026e-01
7.296910514211627508e-01
7.286582684411908595e-01
7.312899709128845016e-01
7.389476913394980029e-01
7.429679889600477871e-01
7.420657659243219406e-01
7.415360502100938334e-01
7.417801649161914757e-01
7.405755664251196801e-01
7.412274886503468219e-01
7.478222178825841837e-01
7.541770104542229181e-01
7.540457059659209094e-01
7.546061923354765444e-01
7.615535521312446487e-01
7.674798566542432310e-01
7.675442273395634007e-01
7.664807004515549194e-01
7.667727287459671359e-01
7.660709210128695545e-01
7.655451816563818568e-01
7.701404938183376014e-01
7.775818495906239303e-01
7.804311284944498439e-01
7.793420142061239231e-01
7.790944340786661870e-01
7.792000489819894682e-01
7.779940493180357297e-01
7.793385106415676722e-01
7.861728623936016236e-01
7.922263809123334388e-01
7.926851925212775596e-01
7.914112068351538687e-01
7.914122637559366513e-01
7.917276200461116353e-01
7.916988610261208592e-01
7.916251288095161875e-01
7.916395157036049124e-01
7.916505501126334110e-01
7.916456617367005899e-01
7.916665616742399880e-01
7.916586307783554100e-01
7.915641325515859750e-01
7.916377791561519661e-01
7.919907811238303674e-01
7.915525422524588572e-01
7.903087568345399383e-01
7.926050671235093104e-01
7.998770733370701436e-01
8.050734620548871678e-01
8.048792114686336152e-01
8.040024353406608482e-01
8.043015173719558764e-01
8.034520932638359314e-01
8.031339355110544975e-01
8.082135323926658010e-01
8.155410347659567405e-01
8.176919987504467358e-01
8.166690887692080736e-01
8.175678385772245926e-01
8.166521529906981547e-01
8.097928882473571788e-01
8.038104792242406482e-01
8.040043402350520729e-01
8.035271460220236861e-01
7.973485037227221461e-01
7.886097912864195036e-01
7.812584635058069660e-01
7.787614806484310925e-01
7.795511658696727686e-01
7.768361378761554636e-01
7.693789005228293121e-01
7.607606147518487516e-01
7.547122272670602205e-01
7.539983171934371287e-01
7.543049835876505238e-01
7.496290766733344491e-01
7.413483021277263996e-01
7.331942663921332537e-01
7.288929645369830457e-01
7.293651042208517676e-01
7.283317262675794712e-01
7.219922022859330824e-01
7.133301562458527201e-01
7.060828962590555147e-01
7.037745204450552849e-01
7.045643788013902231e-01
7.015936663824521302e-01
6.940312249979712078e-01
6.856822804659575832e-01
6.797050838645135595e-01
6.782004834713140085e-01
6.791093867216370095e-01
6.793882862843336756e-01
6.791342888420371926e-01
6.790895921179888051e-01
6.791572230478724048e-01
6.791620937408304748e-01
6.791448200216884112e-01
6.791451702914632627e-01
6.791493898957439157e-01
6.791489061159126095e-01
6.791480191636438679e-01
6.791482567584475882e-01
6.791480032962849966e-01
6.791479792806301985e-01
6.791498460012352911e-01
6.791489741293021964e-01
6.791416371136166363e-01
6.791480148736216416e-01
6.791749786685628010e-01
6.791384568114140485e-01
6.790446533933223172e-01
6.792310536215564465e-01
6.795357980195506631e-01
6.786538820703569286e-01
6.777597800696848473e-01
6.818719320022242902e-01
6.895296551246992145e-01
6.920745363358993263e-01
6.910317124335634276e-01
6.957729456111025890e-01
7.032610707844595410e-01
7.043815665714918683e-01
7.038872134559135407e-01
7.101190045469505385e-01
7.167234571985650060e-01
7.165144220407277942e-01
7.172040348049762981e-01
7.245093302541225633e-01
7.296800975296937608e-01
7.286887695180035429e-01
7.309933986587504595e-01
7.387852676405324281e-01
7.422286882151079013e-01
7.410468139296839674e-01
7.451229368437308764e-01
7.528092302536154579e-01
7.545044726442855509e-01
7.537247304872553011e-01
7.594602587351213518e-01
7.664451255904205507e-01
7.666282692312746949e-01
7.668634621031360510e-01
7.739288725054815909e-01
7.795289362929620491e-01
7.785129667100827433e-01
7.807963550074707992e-01
7.891930545839827005e-01
7.905156510696336181e-01
7.824195126687842894e-01
7.780546011885556279e-01
7.792565178568828799e-01
7.766989030824034135e-01
7.689146022939112868e-01
7.602371970049235372e-01
7.545074649641745346e-01
7.540757747112389886e-01
7.541948279054582205e-01
7.491975243747877045e-01
7.408241060204350248e-01
7.327959393330010229e-01
7.288287226892702364e-01
7.294166302342133257e-01
7.280893654970260753e-01
7.215113131491893705e-01
7.128138692051404490e-01
7.057599393605566984e-01
7.038476329884136851e-01
7.046107391667186803e-01
7.010331617810915406e-01
6.933634041780545321e-01
6.861081396884566308e-01
6.797925566878090242e-01
6.732592486969540824e-01
6.665608216112192119e-01
6.600005165804184726e-01
6.532579364499563335e-01
6.463121966779369343e-01
6.403573190739598742e-01
6.347391215192627056e-01
6.248354217519808129e-01
6.107302260108768976e-01
5.997935791049781029e-01
5.937987508821102045e-01
5.881046682237391909e-01
5.812301563597513931e-01
5.743683827448903267e-01
5.678245013870122371e-01
5.613364712837480841e-01
5.546138772990462096e-01
5.475960368190914140e-01
5.413902263161756157e-01
5.361137000093210148e-01
5.272298055960167318e-01
5.131142772030595767e-01
5.018247649308464897e-01
5.000000000000000000e-01
5.089263850709828674e-01
5.236118912556744220e-01
5.319111884469498452e-01
5.307564534847390991e-01
5.265551717812726462e-01
5.271368219552426959e-01
5.392481454066878621e-01
5.530888362235286682e-01
5.541920859773150632e-01
5.539394094836396221e-01
5.671332228562582234e-01
5.796233890964926916e-01
5.786776263815530674e-01
5.808477902199306042e-01
5.958240312028741936e-01
6.053033670623197970e-01
6.031091211920028838e-01
6.086258285451482397e-01
6.242681513351823197e-01
6.302357684621175959e-01
6.279663831227452198e-01
6.370120717610792127e-01
6.521383772893267761e-01
6.547078688551405401e-01
6.535379872319427852e-01
6.656790989619740806e-01
6.791675677224960905e-01
6.792033188100958796e-01
6.799633589297986447e-01
6.935522237908468002e-01
7.060063465283588080e-01
7.069324433565438159e-01
7.025213610110546680e-01
7.009607567785991478e-01
7.099687594575427863e-01
7.251482725514333261e-01
7.300141669827516777e-01
7.280245458563867622e-01
7.372185149533796444e-01
7.522388449735463167e-01
7.563477015006772053e-01
7.541725219999795282e-01
7.560917365445836147e-01
7.538186409482676709e-01
7.395775679351865861e-01
7.284314245133414190e-01
7.299278587047145495e-01
7.266630737580410671e-01
7.113615381027676987e-01
7.029520948202955255e-01
7.052863985764017407e-01
6.987107157081424713e-01
6.831115556780258391e-01
6.781025906928923597e-01
6.801608026842684840e-01
6.705539337238377584e-01
6.556483811864594058e-01
6.522199735966842660e-01
6.541754572708041726e-01
6.495309294553390789e-01
6.410541827262579151e-01
6.339906426497973202e-01
6.280574067042805630e-01
6.218624722766229462e-01
6.140566735719577007e-01
6.062053909606207602e-01
6.045111244419851815e-01
6.062176063934775483e-01
5.977609394158545086e-01
5.825111433835521435e-01
5.782080947385858094e-01
5.800469748153477267e-01
5.703968679352343640e-01
5.554582970136268116e-01
5.505254280917237786e-01
5.541081061241612815e-01
5.600079011324839984e-01
5.675605782659089993e-01
5.758480958505309832e-01
5.791320108919838505e-01
5.771321776627919009e-01
5.826364610462707594e-01
5.977520194481042992e-01
6.061532912284471886e-01
6.045965014186308606e-01
6.058776971606952833e-01
6.136111568056534793e-01
6.229610846850202055e-01
6.288362779462496333e-01
6.277831470999103436e-01
6.285261212582747836e-01
6.411659489413930046e-01
6.543561377431641457e-01
6.556639837021764894e-01
6.543275149534536483e-01
6.598225510829168750e-01
6.691247945384010132e-01
6.771249696655685657e-01
6.787788888163577283e-01
6.769549969879617990e-01
6.849215318009211906e-01
7.002711796904126373e-01
7.050580229992930992e-01
7.030624920535680777e-01
7.126983564808746507e-01
7.275881517396938225e-01
7.307494049345030218e-01
7.290553520453314507e-01
7.350539674397171819e-01
7.418588463510595865e-01
7.416367921905528959e-01
7.423168726625480884e-01
7.494354923569295224e-01
7.551164228228443021e-01
7.549760359693717948e-01
7.539728216885315248e-01
7.542763782729016153e-01
7.535037101919012104e-01
7.531350593439278818e-01
7.579948400732948732e-01
7.653658168172695619e-01
7.680833696161456503e-01
7.668532439342982121e-01
7.659528772561173815e-01
7.666213768053988797e-01
7.681200878906375706e-01
7.661636544932455273e-01
7.587832737924307125e-01
7.537244431782301746e-01
7.546373873642159280e-01
7.525436747860845266e-01
7.448016351595145856e-01
7.410551133379955635e-01
7.422392010218099578e-01
7.385055981612657083e-01
7.307629673750971611e-01
7.286431746828320177e-01
7.295619067271510438e-01
7.245842009692836649e-01
7.171595545929306814e-01
7.149135872815781667e-01
7.166893084801443381e-01
7.183886782608421839e-01
7.159485192707419898e-01
7.084873236180757594e-01
7.036698254574301759e-01
7.045544071928199203e-01
7.025082785687123410e-01
6.950199725927925787e-01
6.901125973768773569e-01
6.906520980173418423e-01
6.930980437917431125e-01
6.929264062639557409e-01
6.861386456364139130e-01
6.793763251819526783e-01
6.830663508647372151e-01
6.912748807604038870e-01
6.936006515197301603e-01
6.915122512169201707e-01
6.898328346155540025e-01
6.925663642406725273e-01
7.001242658518973538e-01
7.046141477025034128e-01
7.035706580405022281e-01
7.062084662152048331e-01
7.140078827053629729e-01
7.172040448642820198e-01
7.160450324373276443e-01
7.203424247162446559e-01
7.279729158263472666e-01
7.294653214114948936e-01
7.287760133722320788e-01
7.346885426759465210e-01
7.415503387010627945e-01
7.416004748050608608e-01
7.419740428917445119e-01
7.490855229442845431e-01
7.546194869883312561e-01
7.537604114992709770e-01
7.556569985036846182e-01
7.633684103353832739e-01
7.673052408297754701e-01
7.661709798182978481e-01
7.694502988027729362e-01
7.771291004850652273e-01
7.808474038770485404e-01
7.796672429213356015e-01
7.776673982759082504e-01
7.786982980868102366e-01
7.851007227018462764e-01
7.916752354407678993e-01
7.928179343304541105e-01
7.915315733361170114e-01
7.913907978118861486e-01
7.916817714629695857e-01
7.916194155183061687e-01
7.917565170730128665e-01
7.919689129246939574e-01
7.910042453847936361e-01
7.905270207048156195e-01
7.950689976901368361e-01
8.024864441532617576e-01
8.057619510301053944e-01
8.045687999418305036e-01
8.026587204592307012e-01
8.038361416069955689e-01
8.103636560042591919e-01
8.168128090092592331e-01
8.177926821452942141e-01
8.164994021336138275e-01
8.163762432179297868e-01
8.167098087530497708e-01
8.167102960136318757e-01
8.166275647233547375e-01
8.166348493249625529e-01
8.166545765350035069e-01
8.166509856523223032e-01
8.166464728513060933e-01
8.166477815983158584e-01
8.166487928970552757e-01
8.166483615706635613e-01
8.166480315246179567e-01
8.166482561264541973e-01
8.166487809178346602e-01
8.166481468074406891e-01
8.166464195538933879e-01
8.166495589887459161e-01
8.166552550409206246e-01
8.166402066937475945e-01
8.166230006965782273e-01
8.166911096794312597e-01
8.167352513946440906e-01
8.164413740710361189e-01
8.163700504905357924e-01
8.175864951004653269e-01
8.174349819492262581e-01
8.117526414117222089e-01
8.046911366467832671e-01
8.029370637459133375e-01
8.041451486635278201e-01
8.041261882162840102e-01
8.042549480645651006e-01
8.054114560889187313e-01
8.030301287645463804e-01
7.957219515005888866e-01
7.906241020751938464e-01
7.908653063482095069e-01
7.919695578158649774e-01
7.918096812077566327e-01
7.915584304479758027e-01
7.916222183978842697e-01
7.916558000123099514e-01
7.916402473078338886e-01
7.917203297432571230e-01
7.916707054688698619e-01
7.913255636120973824e-01
7.916835476939868554e-01
7.929350679007718394e-01
7.909691903960347492e-01
7.839095217580784869e-01
7.782050012206638279e-01
7.778966009411919513e-01
7.799617492455165335e-01
7.805962430994362045e-01
7.762257824803098227e-01
7.687814032807667175e-01
7.653505960050968060e-01
7.662781727834139245e-01
7.670080973769343169e-01
7.667063918222097874e-01
7.665313672221865104e-01
7.666401615096370969e-01
7.667689956407915952e-01
7.666243916007895454e-01
7.662611735970189519e-01
7.668984530815898815e-01
7.680937081055290161e-01
7.649932416617328812e-01
7.573337636581816135e-01
7.535906036258012142e-01
7.546911041311769042e-01
7.514074463399822434e-01
7.437261755096259419e-01
7.402167089712012871e-01
7.413009558714067637e-01
7.420344330076971140e-01
7.416944563560747827e-01
7.415480826532472314e-01
7.416470406124731074e-01
7.416729656411066296e-01
7.416463128565434770e-01
7.416440006061335577e-01
7.416479369637084540e-01
7.416429043368966134e-01
7.416564566351158128e-01
7.416723166578534920e-01
7.416039584050783118e-01
7.415656272919015635e-01
7.418596518636357828e-01
7.419075096853342544e-01
7.407002455143660846e-01
7.409436421288418950e-01
7.466329732626572069e-01
7.536928366184675321e-01
7.557590527852499074e-01
7.541015690708996466e-01
7.525230609202301357e-01
7.548225423405612311e-01
7.619798196652580735e-01
7.674577042148768014e-01
7.675425587561665042e-01
7.663662525919443524e-01
7.664465184129234387e-01
7.667477317915374346e-01
7.667099976080730128e-01
7.665617171466082569e-01
7.665749261675762760e-01
7.669277615437981588e-01
7.668164387668676696e-01
7.654924006394052682e-01
7.664107741932725260e-01
7.729080775745198473e-01
7.793655205512668438e-01
7.802052958498473245e-01
7.790434985181446947e-01
7.792368038860606472e-01
7.788273956338307435e-01
7.778916077199161672e-01
7.813425315917417180e-01
7.888466536634660686e-01
7.929151192140575510e-01
7.921661700155211427e-01
7.912849185336567892e-01
7.915526444569060960e-01
7.917653493937645282e-01
7.916705914806873023e-01
7.915395881202248463e-01
7.916406379740550392e-01
7.919910113455673750e-01
7.915401348511977853e-01
7.903361951333400803e-01
7.926444484536951940e-01
7.998406548688831164e-01
8.052441143618298547e-01
8.053041059800520873e-01
8.032230377844614688e-01
8.027962132195659573e-01
8.074809911653124672e-01
8.148726592958593917e-01
8.180379761203905309e-01
8.169882637239668233e-01
8.159809119894532170e-01
8.165001474385688018e-01
8.180429753682272320e-01
8.166003079427049949e-01
8.094955480009247140e-01
8.038381790393095416e-01
8.044224852378027979e-01
8.031485583526275507e-01
7.958517238646095615e-01
7.905185416830540213e-01
7.908095160003536517e-01
7.920479255915942041e-01
7.919035439015424949e-01
7.913061467165614093e-01
7.913480663887213495e-01
7.927466656002672973e-01
7.923500575783871680e-01
7.860820477042106402e-01
7.793858482600390936e-01
7.791295761047267732e-01
7.789993699186477105e-01
7.724117899625104755e-01
7.660249341671978573e-01
7.655180647473073252e-01
7.669282766036404908e-01
7.669946865125508717e-01
7.664171400263511957e-01
7.662618860826952982e-01
7.673955857854082296e-01
7.677461497989013228e-01
7.628739627356316833e-01
7.555053938708655714e-01
7.528028467441234550e-01
7.539592111230818405e-01
7.545015619758151937e-01
7.541593108881058383e-01
7.540529220565570512e-01
7.541561471902453739e-01
7.541957291815399866e-01
7.541264983653988008e-01
7.540458392196114357e-01
7.542637765400922456e-01
7.545016055571021063e-01
7.535440990165990227e-01
7.529384673023805652e-01
7.573515989652096492e-01
7.648227737121001679e-01
7.678915525599211422e-01
7.668720843625818073e-01
7.667050546193032723e-01
7.667765804518815731e-01
7.637195260541395081e-01
