6.509376960477594176e-01
6.671902148693157342e-01
6.916367249181147869e-01
7.189842908674617394e-01
7.439612696554864790e-01
7.641297796762801520e-01
7.826776799960022402e-01
8.023694781680759114e-01
8.244341158588529561e-01
8.509468065267850045e-01
8.848012924040655758e-01
9.259835712340473979e-01
9.720412645402121132e-01
1.018819038899225538e+00
1.062883502146834802e+00
1.111377848156979375e+00
1.171324380499524587e+00
1.230356583259423209e+00
1.277532577052620466e+00
1.323320752896406161e+00
1.379427523694908952e+00
1.450983562424107642e+00
1.537244570228413210e+00
1.629628401809098515e+00
1.722784951387116514e+00
1.815954989654070983e+00
1.909029767332817151e+00
2.002199986219864059e+00
2.095285706894774780e+00
2.188033240237022614e+00
2.281357471861579445e+00
2.375800631610093472e+00
2.467436825719415694e+00
2.555732730267250119e+00
2.656879114100102690e+00
2.783876726108379440e+00
2.932844485046069316e+00
3.093790194345053202e+00
3.250820588779919085e+00
3.401849797395398500e+00
3.562361799869557366e+00
3.730632606843033106e+00
3.889328635633245490e+00
4.040252506501626151e+00
4.196858162165726824e+00
4.357880396640231524e+00
4.516620937508985634e+00
4.677171109098595458e+00
4.844095283670772467e+00
5.009010802954644070e+00
5.166864109616243539e+00
5.330320173240841619e+00
5.504575460400018549e+00
5.674573783936430083e+00
5.833646302078330237e+00
5.990152581012917921e+00
6.149783883065749635e+00
6.314065819073367614e+00
6.480928828531830277e+00
6.645692740578120095e+00
6.803210335065533521e+00
6.949030209731296814e+00
7.084486755042973094e+00
7.212969893882619665e+00
7.337005786825318232e+00
7.458075844808307764e+00
7.575201088991613929e+00
7.688378183300819124e+00
7.800706062088747395e+00
7.913870993098957918e+00
8.026768948726942909e+00
8.139609445083735295e+00
8.254095239785527838e+00
8.367330760071560292e+00
8.473070264075708735e+00
8.570742441456705052e+00
8.663568736689043703e+00
8.756942274917086877e+00
8.854034134167353187e+00
8.942614127773310884e+00
9.012197089713289699e+00
9.074352339046981797e+00
9.140217935200890764e+00
9.208545137827080396e+00
9.275935281963533896e+00
9.338570482853462806e+00
9.397593803236141241e+00
9.460118776682140407e+00
9.527381294083124175e+00
9.595081029071991452e+00
9.661251834157006613e+00
9.725208972964747289e+00
9.782950245672587641e+00
9.829550903595340117e+00
9.863863396339002776e+00
9.888854173631436595e+00
9.918256608938094132e+00
9.959513526493122271e+00
9.996402871120604772e+00
1.002147563670074959e+01
1.005131240977191354e+01
1.009223339087979809e+01
1.013279622796778057e+01
1.016572002627028226e+01
1.018961970106441939e+01
1.020839645508726079e+01
1.022870463446488998e+01
1.024853292352939249e+01
1.026273465864516865e+01
1.027560142706731128e+01
1.029168561325768039e+01
1.030120048663776799e+01
1.029631530081843849e+01
1.028650330489683640e+01
1.027971734320774999e+01
1.027386738442572067e+01
1.026718047246109933e+01
1.026031810257065402e+01
1.025368609993274305e+01
1.024716833979718800e+01
1.024051534038163425e+01
1.023349533126698674e+01
1.022695290746264973e+01
1.022171770340454700e+01
1.021409522766992595e+01
1.020059045692588739e+01
1.018787172017037435e+01
1.018161132530411805e+01
1.017400304202310934e+01
1.016007685193004662e+01
1.014810620547447328e+01
1.014195694063056408e+01
1.013487319541630427e+01
1.012184744258923885e+01
1.010168227465721813e+01
1.008083690061215876e+01
1.007092726989851172e+01
1.006571648966309596e+01
1.004975281037440027e+01
1.002785461250127952e+01
1.001198385941955493e+01
1.000069016705182534e+01
9.988726535677432850e+00
9.973486177165824529e+00
9.954120731122422683e+00
9.932777150564376711e+00
9.912128241268543860e+00
9.894874619210408895e+00
9.881656224540222411e+00
9.870258397666098915e+00
9.857201599209933107e+00
9.838517838489465817e+00
9.817903878314329091e+00
9.803266368555302535e+00
9.790571034480770152e+00
9.771631239410741188e+00
9.751206923152874850e+00
9.736501750079920470e+00
9.724664713344971290e+00
9.711673117983398384e+00
9.697778149192064490e+00
9.684111504659991709e+00
9.671964591297882663e+00
9.659667203799227053e+00
9.641405912388325561e+00
9.620119676380078033e+00
9.607814343160239190e+00
9.602856430846951952e+00
9.593439806094323785e+00
9.578637662461737534e+00
9.563662047679382994e+00
9.551465100151720122e+00
9.543427896787100906e+00
9.538118581995892242e+00
9.532877832883375646e+00
9.523735239262574481e+00
9.509813973393114850e+00
9.497936507132646256e+00
9.491401702541317320e+00
9.485937617076114492e+00
9.479191149117632165e+00
9.471988981476819447e+00
9.465342186237464261e+00
9.459955385405418582e+00
9.453052817078621217e+00
9.440687434477194273e+00
9.426972736056040247e+00
9.418287920317947481e+00
9.413304908091369327e+00
9.408190243165790889e+00
9.399194934544901514e+00
9.385417091173021475e+00
9.373182398222887457e+00
9.366271175568293472e+00
9.361679962730864446e+00
9.355612227240037271e+00
9.344448162546562742e+00
9.330342476620948844e+00
9.320495242188055585e+00
9.314822076209882340e+00
9.308504178415766717e+00
9.301701177125373476e+00
9.296249157437671329e+00
9.288518719722503647e+00
9.275174243526290496e+00
9.262267256877514399e+00
9.255034718184752762e+00
9.249523712561714461e+00
9.242664090759241446e+00
9.236455734824783548e+00
9.230530812304479582e+00
9.220332288288656031e+00
9.206315353416719915e+00
9.194515351201054898e+00
9.188728777495470013e+00
9.189848799869231755e+00
9.189559819229142335e+00
9.177470013171468821e+00
9.163793156625636982e+00
9.162144321989824647e+00
9.163267537621305081e+00
9.156844380091996527e+00
9.150082802329684739e+00
9.149427904939404499e+00
9.151699549892391872e+00
9.152576936317167622e+00
9.148215959123827901e+00
9.140590104977857067e+00
9.137956514123324325e+00
9.138969168825152423e+00
9.134659787770537775e+00
9.127065581636639280e+00
9.124188304136140459e+00
9.125738093744324431e+00
9.127627595400397809e+00
9.125750506291431918e+00
9.118484661062044694e+00
9.113073959620052733e+00
9.113749501970229261e+00
9.112256578493607151e+00
9.104908023790137861e+00
9.099579986210848404e+00
9.099850319652610153e+00
9.102096675307357998e+00
9.102212631936758669e+00
9.096672395985297754e+00
9.089422793311165094e+00
9.088175022809053871e+00
9.088734493228308509e+00
9.083093569123924738e+00
9.075937696047759573e+00
9.074276350664899127e+00
9.076227412043255782e+00
9.077684460746674233e+00
9.074572101884392339e+00
9.066938047141398727e+00
9.062894648350937388e+00
9.063946158564721856e+00
9.061038011033883066e+00
9.053380990617981183e+00
9.049274301342897786e+00
9.050277932510031320e+00
9.052433410570053240e+00
9.051612054997228540e+00
9.045015342414426840e+00
9.038553830073578155e+00
9.038603310372192112e+00
9.038116971458201476e+00
9.030949321539701202e+00
9.025490585091766604e+00
9.026449192124644583e+00
9.024244554228818771e+00
9.016240506558499845e+00
9.013505157377458943e+00
9.015266932741845096e+00
9.006692225129352636e+00
8.991447803408654238e+00
8.987395727003324453e+00
8.989130073911958618e+00
8.979691789632703092e+00
8.964397889528740393e+00
8.955561243001298521e+00
8.950704547982002879e+00
8.944419864713950119e+00
8.937274027470628823e+00
8.930552731869926930e+00
8.924099393704395311e+00
8.917539031124746884e+00
8.910520773217136536e+00
8.903637678754613205e+00
8.898470757212411542e+00
8.892211765509742349e+00
8.878895955753002056e+00
8.865100169114306539e+00
8.863345184310340130e+00
8.864097901951506486e+00
8.851804203886583622e+00
8.838385990564624706e+00
8.838216475768334135e+00
8.837636858312468036e+00
8.824668168910481114e+00
8.810668152077880677e+00
8.803895698347101728e+00
8.798882277004288710e+00
8.792114432952814695e+00
8.785048450321678359e+00
8.778454924115209224e+00
8.772008312757577642e+00
8.765332853342926001e+00
8.758198554806664760e+00
8.751735650331539773e+00
8.746893665534571483e+00
8.738805966748856235e+00
8.723763851676004322e+00
8.713046384925103638e+00
8.714296505079701660e+00
8.711558473655273360e+00
8.696549840867128012e+00
8.687122455618563777e+00
8.689062123515640224e+00
8.684490638863501033e+00
8.669523458578037634e+00
8.657860620582638944e+00
8.652414011464884425e+00
8.646824500322789930e+00
8.639773033433431948e+00
8.632930567770010555e+00
8.626385211920371887e+00
8.619675969556791273e+00
8.613103824099269445e+00
8.606804362371622830e+00
8.599554323197519778e+00
8.591715745417648264e+00
8.588107047572798081e+00
8.589083956176327916e+00
8.586368556701227561e+00
8.578748003806136779e+00
8.574589236931409175e+00
8.575431838070898038e+00
8.576315822150686330e+00
8.576020963237269257e+00
8.575841505965193790e+00
8.575929908286468617e+00
8.575940886935548235e+00
8.575938568034867870e+00
8.576023148028056653e+00
8.575893809212054464e+00
8.575585523629740692e+00
8.576273001335962931e+00
8.577242109869388287e+00
8.573914761985832911e+00
8.566461022053925234e+00
8.562005152430391064e+00
8.562607375247889507e+00
8.564680827530153806e+00
8.564388771862525118e+00
8.558676440112659378e+00
8.551602255829610755e+00
8.549653714462341014e+00
8.550912229476928417e+00
8.551257894750193600e+00
8.550911838497260220e+00
8.550866845109744929e+00
8.550946324202794102e+00
8.550930343305427783e+00
8.550965435492010158e+00
8.551023930336157264e+00
8.550768022982705219e+00
8.550636310493125336e+00
8.551753385185737244e+00
8.551858420889562495e+00
8.546638681504767021e+00
8.539366257201727706e+00
8.536781256767170589e+00
8.538297094496037687e+00
8.540124912931279511e+00
8.538133023384155251e+00
8.530788413618289212e+00
8.525554737168292263e+00
8.526370685281236206e+00
8.524527060834010683e+00
8.516890165724927186e+00
8.512615885701062979e+00
8.513568144961983108e+00
8.511501654936072470e+00
8.504062215124424284e+00
8.494853261795938693e+00
8.488789362780323700e+00
8.489859346222129233e+00
8.489162142416173396e+00
8.476068831932494163e+00
8.463302506725675300e+00
8.463823261621811866e+00
8.462272550952640415e+00
8.447603021831337600e+00
8.437323313085208554e+00
8.439252560866403741e+00
8.434747819197472296e+00
8.419377219518025868e+00
8.411244084492409456e+00
8.413053346976333557e+00
8.411433587215331187e+00
8.403412084828410400e+00
8.394050426258726105e+00
8.388590246531322236e+00
8.390101979287230449e+00
8.388560580162454983e+00
8.374705445492512723e+00
8.362894869506227735e+00
8.364103544323505446e+00
8.361404522122427352e+00
8.346182078942309346e+00
8.337348646833703469e+00
8.339779508280230402e+00
8.332947950998985220e+00
8.316941522107256901e+00
8.315001632017835931e+00
8.324485335422338039e+00
8.323556352684661874e+00
8.314581330563164840e+00
8.311865024168710647e+00
8.313406112040038209e+00
8.312645527519201494e+00
8.313714665472602405e+00
8.320601763557249342e+00
8.326598074694246066e+00
8.326851563753542962e+00
8.325795565994468461e+00
8.326085633344138870e+00
8.325373357006018438e+00
8.324708071675338772e+00
8.329379899976231627e+00
8.336926523727221650e+00
8.338829278205874829e+00
8.337992498091033156e+00
8.343143110148588448e+00
8.350495203696631563e+00
8.352333229357100208e+00
8.350899587174453131e+00
8.350498939672018395e+00
8.351034651804166486e+00
8.351404536014733537e+00
8.350528812222961506e+00
8.349500676942017918e+00
8.353250414967639870e+00
8.360944392149463056e+00
8.363960748934577083e+00
8.362882695039704828e+00
8.366941168562959774e+00
8.374580416665100557e+00
8.377401145311825559e+00
8.376118565027994123e+00
8.375471685621839413e+00
8.375932814255389047e+00
8.376402674425360573e+00
8.375779265221989789e+00
8.374474427879167848e+00
8.377202850892537356e+00
8.384831387581726858e+00
8.388977936067380625e+00
8.387893947635316039e+00
8.390889666331400321e+00
8.398617864615033568e+00
8.402085820415241102e+00
8.401073751092500430e+00
8.401720543584886514e+00
8.401559673009437290e+00
8.394978086189453848e+00
8.388539494702399679e+00
8.389767930543847285e+00
8.387824333944337241e+00
8.373866940139134130e+00
8.362205859060054536e+00
8.362372196009850711e+00
8.362756574303375601e+00
8.356117411784772742e+00
8.347013262973774772e+00
8.340009310893780281e+00
8.338096663411405984e+00
8.338813284908688672e+00
8.335595472170439280e+00
8.327797808438340610e+00
8.318791791099101829e+00
8.313529964618496138e+00
8.315060318524960081e+00
8.313131203866635843e+00
8.299382848124373879e+00
8.287402768196422187e+00
8.287259448745189161e+00
8.287915068153687059e+00
8.281570308918684731e+00
8.272136855670339628e+00
8.264749662211372083e+00
8.264089473439494071e+00
8.265257607208631896e+00
8.255665651422631868e+00
8.240782786965233697e+00
8.236456338382627251e+00
8.238456592976486803e+00
8.234637505252571543e+00
8.225937696047758152e+00
8.217592289022352503e+00
8.213227743707033568e+00
8.213622882794304303e+00
8.212733886010823880e+00
8.206564091550035300e+00
8.197586984002327881e+00
8.189995374518446170e+00
8.188980114104126073e+00
8.190352191334561383e+00
8.181176770299323664e+00
8.166159049677062853e+00
8.161702204181814579e+00
8.163597833356948996e+00
8.158679370871812608e+00
8.151125735947285733e+00
8.149517461548857256e+00
8.151036871070179046e+00
8.151281793402951337e+00
8.150879782201169377e+00
8.150857760734318447e+00
8.150959469595274953e+00
8.150955360324822152e+00
8.150930705634294782e+00
8.150934040283914328e+00
8.150939754063049492e+00
8.150938382256544656e+00
8.150937124633028219e+00
8.150937588158832625e+00
8.150937847620483012e+00
8.150937706338606148e+00
8.150937657413553694e+00
8.150937697537440130e+00
8.150937705523823240e+00
8.150937694745373108e+00
8.150937693815976104e+00
8.150937696580164982e+00
8.150937696549313216e+00
8.150937695870226207e+00
8.150937695941571803e+00
8.150937696101202334e+00
8.150937696068368155e+00
8.150937696032837465e+00
8.150937696044422864e+00
8.150937696051048675e+00
8.150937696047876102e+00
8.150937696049918912e+00
8.150937696047680703e+00
8.150937696035153834e+00
8.150937696053620840e+00
8.150937696097315666e+00
8.150937696002195310e+00
8.150937695864229227e+00
8.150937696311753911e+00
8.150937696693500101e+00
8.150937694707845793e+00
8.150937693925556005e+00
8.150937702322345046e+00
8.150937702301568777e+00
8.150937668305310524e+00
8.150937681382053768e+00
8.150937813215751504e+00
8.150937708338563681e+00
8.150937220661194971e+00
8.150937848426181631e+00
8.150939552134971677e+00
8.150936266996495760e+00
8.150930735650838699e+00
8.150946514104973062e+00
8.150962604345828311e+00
8.150891417832454522e+00
8.150853834081118521e+00
8.151159200560496032e+00
8.151195193097745317e+00
8.149942217234645625e+00
8.150273278699728507e+00
8.156206866421644719e+00
8.163140196914088875e+00
8.164609673053426775e+00
8.163397759381325614e+00
8.163483657945938887e+00
8.163260058244748762e+00
8.162162668796526077e+00
8.164955461462593433e+00
8.172390730483037657e+00
8.177084441794292502e+00
8.176605440649179712e+00
8.175593924149431757e+00
8.175808670885501783e+00
8.176034375378854691e+00
8.175959163056571555e+00
8.175911878309317871e+00
8.175935233378510247e+00
8.175943915543637530e+00
8.175937633154653383e+00
8.175937856231215051e+00
8.175937002853846280e+00
8.175931114897991847e+00
8.175944230417972136e+00
8.175963333624945761e+00
8.175899806690704708e+00
8.175847526894486350e+00
8.176128971706763338e+00
8.176232540720938857e+00
8.175045613832221392e+00
8.175076874260625459e+00
8.180622604424094391e+00
8.187770409665713345e+00
8.189661163011631828e+00
8.188456915295674321e+00
8.188458093647653868e+00
8.188343433122920345e+00
8.187158878550313545e+00
8.189528252313522216e+00
8.196899385511162706e+00
8.201866080411100768e+00
8.201466270773796197e+00
8.201095819721032854e+00
8.201626888101731794e+00
8.198372700482060793e+00
8.190969984585724006e+00
8.182765470951167686e+00
8.176629217979218822e+00
8.174643051449486109e+00
8.175816504028318832e+00
8.177535486736804415e+00
8.175637192651969087e+00
8.168300981103939762e+00
8.163057835955108033e+00
8.163902835737651742e+00
8.161985883637818517e+00
8.154255773935982887e+00
8.150345554879990573e+00
8.151532261454434547e+00
8.147878841495469260e+00
8.140096474954823691e+00
8.138016348734169014e+00
8.138930041122325321e+00
8.133492624580021868e+00
8.126311625495350910e+00
8.125875313517351373e+00
8.125860018855586731e+00
8.119001353455473691e+00
8.113065457101129141e+00
8.113759055654309549e+00
8.112229883882804415e+00
8.104565259624543216e+00
8.100334673240467964e+00
8.101505798580539874e+00
8.098167650201435919e+00
8.090354261138653413e+00
8.087920668539954505e+00
8.088924445291642229e+00
8.084024040033174430e+00
8.076587156821624092e+00
8.074866487042392293e+00
8.075936760971877959e+00
8.074935160446422344e+00
8.076416747613361480e+00
8.083656226781315013e+00
8.089003001258738834e+00
8.088434607984769542e+00
8.089518139760819793e+00
8.096237608905571648e+00
8.105033833307960123e+00
8.111973216888863192e+00
8.113765935627032633e+00
8.113057482808343934e+00
8.116554034899895242e+00
8.124409090424542512e+00
8.132907623964122479e+00
8.138309842838996389e+00
8.138461868119708953e+00
8.138595945234762041e+00
8.143946302674763160e+00
8.152687132938716275e+00
8.160900317039398999e+00
8.163259477118550933e+00
8.161353943128144550e+00
8.168154672783934700e+00
8.183411662007657128e+00
8.190513144136005508e+00
8.188653677410595577e+00
8.190839016063307554e+00
8.198979637892783501e+00
8.207749580896024355e+00
8.213217537112981859e+00
8.213468820997221087e+00
8.213505157068109241e+00
8.218675403321057615e+00
8.227333801282412651e+00
8.235647022129054307e+00
8.238332689820985877e+00
8.236406586467634128e+00
8.242564675825224896e+00
8.257694239886927079e+00
8.265914066990969644e+00
8.264342957642782039e+00
8.263176712726107098e+00
8.263681701643861288e+00
8.260768648671259484e+00
8.252416759594343176e+00
8.239070076925003150e+00
8.226016860329831815e+00
8.218300793980120034e+00
8.212756962998259525e+00
8.205947264203366842e+00
8.199645633700963998e+00
8.194020183019418369e+00
8.184182989215329940e+00
8.170021431786441468e+00
8.159111239515283387e+00
8.153142743637644685e+00
8.147117359724489916e+00
8.140203334494621856e+00
8.134590878036014772e+00
8.127606246615986407e+00
8.115071439599947922e+00
8.101449538842327769e+00
8.093003999781373636e+00
8.088106000431849907e+00
8.082898515940950546e+00
8.073644020303031965e+00
8.059773606650662003e+00
8.047771218765902290e+00
8.041050661420126033e+00
8.036452027818295818e+00
8.030212547022809844e+00
8.018892763406778812e+00
8.004849391492697919e+00
7.994859792474035665e+00
7.989340412791910317e+00
7.984601791926409398e+00
7.976834849886707879e+00
7.963700644485963487e+00
7.950534205355666906e+00
7.942792000062985913e+00
7.937595012047098386e+00
7.931389803003564332e+00
7.923627622046489627e+00
7.915981466174623726e+00
7.913136930419738313e+00
7.914135118812153813e+00
7.910657921859285402e+00
7.903004051994995116e+00
7.899528188800155171e+00
7.900600127416072205e+00
7.901317669246311404e+00
7.900979952081875091e+00
7.900839422335965700e+00
7.900937696047759751e+00
7.900962151768632147e+00
7.900935234708737376e+00
7.900931845064778081e+00
7.900938864482928814e+00
7.900939035699122037e+00
7.900937283388928201e+00
7.900937405377285394e+00
7.900937824398780229e+00
7.900937754670009916e+00
7.900937659021745496e+00
7.900937685504097807e+00
7.900937706172659780e+00
7.900937697557012918e+00
7.900937693396536510e+00
7.900937695959425078e+00
7.900937696714628977e+00
7.900937696001395061e+00
7.900937695889489909e+00
7.900937696072387162e+00
7.900937696072120708e+00
7.900937696053834891e+00
7.900937696086924866e+00
7.900937695964802110e+00
7.900937695888942791e+00
7.900937696461524773e+00
7.900937696543979705e+00
7.900937694177771142e+00
7.900937694746404283e+00
7.900937704076040013e+00
7.900937698150735322e+00
7.900937662993428923e+00
7.900937701303102578e+00
7.900937826980370282e+00
7.900937617821534253e+00
7.900937197326219241e+00
7.900938231021890523e+00
7.900939514430398880e+00
7.900934748902192162e+00
7.900931417097162957e+00
7.900952229791697867e+00
7.900957764131976369e+00
7.900870966051978250e+00
7.900881508355120708e+00
7.901228278617382195e+00
7.901052184900657416e+00
7.899726224753094606e+00
7.900969610642062158e+00
7.907719143172950105e+00
7.913915150161487055e+00
7.914506094670064051e+00
7.913216207061149809e+00
7.913187359420212452e+00
7.913524375842682979e+00
7.913514495233681778e+00
7.913363778962254180e+00
7.913347685015204469e+00
7.913679447726488014e+00
7.913673724915125440e+00
7.912397130175514270e+00
7.912888334257528022e+00
7.918979386501846740e+00
7.925807437679178058e+00
7.927169118283845073e+00
7.925844083418724928e+00
7.925640086855048061e+00
7.925989638476285570e+00
7.926006636364015812e+00
7.925918437058434129e+00
7.925922515195634510e+00
7.925943837383711887e+00
7.925940822465444846e+00
7.925935895685030097e+00
7.925937113825109570e+00
7.925938194359626543e+00
7.925937786090115900e+00
7.925937564210564723e+00
7.925937688022107075e+00
7.925937729570828871e+00
7.925937694543784495e+00
7.925937687845348911e+00
7.925937697225520218e+00
7.925937697974378970e+00
7.925937695575350439e+00
7.925937695616195988e+00
7.925937696204013783e+00
7.925937696138748656e+00
7.925937696000906918e+00
7.925937696030163515e+00
7.925937696060988635e+00
7.925937696050731951e+00
7.925937696044006664e+00
7.925937696047335557e+00
7.925937696049589753e+00
7.925937696047697933e+00
7.925937696043846792e+00
7.925937696049575543e+00
7.925937696061999382e+00
7.925937696034286439e+00
7.925937695995416199e+00
7.925937696124893073e+00
7.925937696231213359e+00
7.925937695658668680e+00
7.925937695448010523e+00
7.925937697862338815e+00
7.925937697798748793e+00
7.925937688049820018e+00
7.925937692037352100e+00
7.925937729737783322e+00
7.925937698700027845e+00
7.925937559686619061e+00
7.925937743467785346e+00
7.925938227163066507e+00
7.925937271550247409e+00
7.925935709671692031e+00
7.925940279150753831e+00
7.925944781115283000e+00
7.925924235906815163e+00
7.925913950862145008e+00
7.926001827442962444e+00
7.926010055177784785e+00
7.925650446697994234e+00
7.925754068755103354e+00
7.927163966955077079e+00
7.926194630381748318e+00
7.919351181422078945e+00
7.913269489755180963e+00
7.913620166120197474e+00
7.912729936193877656e+00
7.905582564028194703e+00
7.899929301221171762e+00
7.900042682962966190e+00
7.901271433973719560e+00
7.901131243169678520e+00
7.900824333617586070e+00
7.900882556514946309e+00
7.901032266554468997e+00
7.900995971221877134e+00
7.900640652812195519e+00
7.900838281385461848e+00
7.902141072673461331e+00
7.900842468764680326e+00
7.894131365574410530e+00
7.887863963992058025e+00
7.887028900272931686e+00
7.889020539430890544e+00
7.890002647501115796e+00
7.886249137124731412e+00
7.878767555202805362e+00
7.874711126510125503e+00
7.875420949544978733e+00
7.876291847975866567e+00
7.876031867929873975e+00
7.875822967819705589e+00
7.875916276562036522e+00
7.876046148208367903e+00
7.875942423473820675e+00
7.875593097086637684e+00
7.876065176703323623e+00
7.877254166202491525e+00
7.874825990743774540e+00
7.867567965001017960e+00
7.862279863351028908e+00
7.862328985431291883e+00
7.864426034347971495e+00
7.864734751766204290e+00
7.859813057434773320e+00
7.852444958803665109e+00
7.849614681730118448e+00
7.850719147069502135e+00
7.851291494503352730e+00
7.850955133933275043e+00
7.850825394183362782e+00
7.850948559428942986e+00
7.851054588995532768e+00
7.850869157228173911e+00
7.850571876211096090e+00
7.851360561378621483e+00
7.852242399549952623e+00
7.848525373274725325e+00
7.841003503563871213e+00
7.837149708944285642e+00
7.837981721739978980e+00
7.838797612307089047e+00
7.838511591084516006e+00
7.838341719342049707e+00
7.838429816687974672e+00
7.838462277886544705e+00
7.838437060500743847e+00
7.838431637389621010e+00
7.838438454399145883e+00
7.838439130586492887e+00
7.838437372668446201e+00
7.838437371593871106e+00
7.838437805785878787e+00
7.838437765335335428e+00
7.838437662653213067e+00
7.838437682391313110e+00
7.838437705555536539e+00
7.838437698419645550e+00
7.838437693408208951e+00
7.838437695710313236e+00
7.838437697022459183e+00
7.838437696060265303e+00
7.838437694635182140e+00
7.838437696565178747e+00
7.838437700919501872e+00
7.838437691891913417e+00
7.838437678065059977e+00
7.838437720648594009e+00
7.838437759727577614e+00
7.838437569598385224e+00
7.838437484658294707e+00
7.838438293216040798e+00
7.838438329946777472e+00
7.838435038816975009e+00
7.838436145384983789e+00
7.838448978520969668e+00
7.838439469705039464e+00
7.838391697054412077e+00
7.838449948624623076e+00
7.838618162882967866e+00
7.838309240391566846e+00
7.837757353263127946e+00
7.839313986328529715e+00
7.845175528141537846e+00
7.856679080249200808e+00
7.870856121866587785e+00
7.880226821104698409e+00
7.885929034093133616e+00
7.896037216726830898e+00
7.910461741844181383e+00
7.924410463025261642e+00
7.937365709296281047e+00
7.950541217606377664e+00
7.963940936639155588e+00
7.977266320479718509e+00
7.990531648726334701e+00
8.003812211926334186e+00
8.017159761897644898e+00
8.030511929153298922e+00
8.043502604529191302e+00
8.051636534992702821e+00
8.045729823748636989e+00
8.030356652484833546e+00
8.021907977685696522e+00
8.016384258105162530e+00
7.997475673293702236e+00
7.967284339246185176e+00
7.936719842362664146e+00
7.913437696047760816e+00
7.900355138293321922e+00
7.886189674523609305e+00
7.861369054753178709e+00
7.831053772477187813e+00
7.802596380443148405e+00
7.782476434778580199e+00
7.770167646507114334e+00
7.755264065695246067e+00
7.728748474595005469e+00
7.683849480525727138e+00
7.613517210785234468e+00
7.511710611863745335e+00
7.384873962686866911e+00
7.247173120849477179e+00
7.117854508182202444e+00
7.013797060434700192e+00
6.932364290702541787e+00
6.864753198163607628e+00
6.799985233947963614e+00
6.732374881147126011e+00
6.668780760502977856e+00
6.610255837916104049e+00
6.545666487959562296e+00
6.455437160312771816e+00
6.313714182491463767e+00
6.133483701234850649e+00
5.957741264514124779e+00
5.794906841708736600e+00
5.634346898037103202e+00
5.486053667586303639e+00
5.364343680692416072e+00
5.258766958187815810e+00
5.154022913414318730e+00
5.044988960716639603e+00
4.931417186781205331e+00
4.819545883027382516e+00
4.712929008137350273e+00
4.608646336714278036e+00
4.502823817957511743e+00
4.391541377579141425e+00
4.277622561930879641e+00
4.169306099064356452e+00
4.063761032926095140e+00
3.952068025209742430e+00
3.838408225315860456e+00
3.731096273702409150e+00
3.625121904008739904e+00
3.513379191657091560e+00
3.398829608250921730e+00
3.288123931123476673e+00
3.191215276023963376e+00
3.110945560324343884e+00
3.035273219788038990e+00
2.955813396335473797e+00
2.871862356993735155e+00
2.784986307527034910e+00
2.698291281695307742e+00
2.611990414841885322e+00
2.524513912160360363e+00
2.438453944390675421e+00
2.357555771934225053e+00
2.278358947768255316e+00
2.196900163199397404e+00
2.119331272701088231e+00
2.053614729330311750e+00
2.004750818822332636e+00
1.971394648484520840e+00
1.939765237437335976e+00
1.900588154791290396e+00
1.854329306277639144e+00
1.806668101284325312e+00
1.767579991751845991e+00
1.735869999062871427e+00
1.701406197377462348e+00
1.659673077271599961e+00
1.611099705539854154e+00
1.566001197332302475e+00
1.535321968463910336e+00
1.512211260232704246e+00
1.486901853206173296e+00
1.458291850122463540e+00
1.429413106977529324e+00
1.408696788855820170e+00
1.396831529702713182e+00
1.380011897004928212e+00
1.352794573038742065e+00
1.322051588895498453e+00
1.295359897428554952e+00
1.279173535431434860e+00
1.267113725059878959e+00
1.246007109854180062e+00
1.216689684125533688e+00
1.186718813248770710e+00
1.163164766607421630e+00
1.149507902313418040e+00
1.136204818041044007e+00
1.116065152322094134e+00
1.096519668995985297e+00
1.082885176736080091e+00
1.071790896460089515e+00
1.059119399941681028e+00
1.041319065918471676e+00
1.020543903370322525e+00
1.004124413775436375e+00
9.917711033496665607e-01
9.781716760640131181e-01
9.649741421253592577e-01
9.565817284898858741e-01
9.510629157818220047e-01
9.448454606086054142e-01
9.377207687708508654e-01
9.305796840614000143e-01
9.248916527039010571e-01
9.196861549291857063e-01
9.087269620420814764e-01
8.934853093056995821e-01
8.876968084402105941e-01
8.898533922617262171e-01
8.816378997699652054e-01
8.662615647861042767e-01
8.626993474978794652e-01
8.643035377343555314e-01
8.530340237362094014e-01
8.388982915435727605e-01
8.379801711767819183e-01
8.380977350878601184e-01
8.257566908618498847e-01
8.113639023683445473e-01
8.042189599160952662e-01
7.992847330215648860e-01
7.926019240360093754e-01
7.855091266810980688e-01
7.788921270939686003e-01
7.724476911174797955e-01
7.657995735198840359e-01
7.586805133409577628e-01
7.521135195689776509e-01
7.472456703218162133e-01
7.396012014466841755e-01
7.248099081386851772e-01
7.133271042157259823e-01
7.141412503169620729e-01
7.122317767172612335e-01
6.975008449923646436e-01
6.873673171267701276e-01
6.893739219390999651e-01
6.845843100043563778e-01
6.690081734260424629e-01
6.620380318662255625e-01
6.642423990753144603e-01
6.572956869148591785e-01
6.419140077520035792e-01
6.316473833973672569e-01
6.266049073484718512e-01
6.206733235048761399e-01
6.135444072683855499e-01
6.067367718043503722e-01
6.002600453136626157e-01
5.937385902791336711e-01
5.868310766116195953e-01
5.798254239714891733e-01
5.742476175062015686e-01
5.686089625532174674e-01
5.570001136496105509e-01
5.423522273411844896e-01
5.367688534278587387e-01
5.384674947734275907e-01
5.353890705448338672e-01
5.273341690017380179e-01
5.202314700711214712e-01
5.138112044240150666e-01
5.062564010616678045e-01
5.007199807472795250e-01
5.000140655183652472e-01
5.010817041285438034e-01
5.011534595189610641e-01
5.008818852594255633e-01
5.008896864046357145e-01
5.009558725762666143e-01
5.009477265458915918e-01
5.009322973383325550e-01
5.009357847919811979e-01
5.009392046679130850e-01
5.009380057852020895e-01
5.009372937530902625e-01
5.009376630207408310e-01
5.009377990846644035e-01
5.009376933838092238e-01
5.009376706523696043e-01
5.009376992264548134e-01
5.009377020607521658e-01
5.009376946922875495e-01
5.009376946877848180e-01
5.009376965077332322e-01
5.009376963381774184e-01
5.009376959077984637e-01
5.009376959905393889e-01
5.009376960875413509e-01
5.009376960576376048e-01
5.009376960370049980e-01
5.009376960464835271e-01
5.009376960505478316e-01
5.009376960477779361e-01
5.009376960470637297e-01
5.009376960478252316e-01
5.009376960479263730e-01
5.009376960477274210e-01
5.009376960477212037e-01
5.009376960477709417e-01
5.009376960477678331e-01
5.009376960477558427e-01
5.009376960477576191e-01
5.009376960477603946e-01
5.009376960477599505e-01
5.009376960477592844e-01
5.009376960477595064e-01
5.009376960477596175e-01
5.009376960477593954e-01
5.009376960477593954e-01
5.009376960477593954e-01
5.009376960477593954e-01
5.009376960477593954e-01
5.009376960477596175e-01
5.009376960477595064e-01
5.009376960477593954e-01
5.009376960477593954e-01
5.009376960477593954e-01
5.009376960477596175e-01
5.009376960477595064e-01
5.009376960477595064e-01
5.009376960477595064e-01
5.009376960477595064e-01
5.009376960477593954e-01
5.009376960477595064e-01
5.009376960477595064e-01
5.009376960477593954e-01
5.009376960477596175e-01
5.009376960477595064e-01
5.009376960477595064e-01
5.009376960477593954e-01
5.009376960477593954e-01
5.009376960477596175e-01
5.009376960477593954e-01
5.009376960477593954e-01
5.009376960477595064e-01
5.009376960477595064e-01
5.009376960477595064e-01
5.009376960477593954e-01
5.009376960477597285e-01
5.009376960477595064e-01
5.009376960477597285e-01
5.009376960477593954e-01
5.009376960477593954e-01
5.009376960477596175e-01
5.009376960477596175e-01
5.009376960477596175e-01
5.009376960477593954e-01
5.009376960477593954e-01
5.009376960477593954e-01
5.009376960477595064e-01
5.009376960477593954e-01
5.009376960477593954e-01
5.009376960477593954e-01
5.009376960477592844e-01
5.009376960477593954e-01
5.009376960477595064e-01
5.009376960477595064e-01
5.009376960477595064e-01
5.009376960477595064e-01
5.009376960477595064e-01
5.009376960477593954e-01
5.009376960477595064e-01
5.009376960477593954e-01
5.009376960477595064e-01
5.009376960477593954e-01
5.009376960477593954e-01
5.009376960477592844e-01
5.009376960477593954e-01
5.009376960477596175e-01
5.009376960477595064e-01
5.009376960477590623e-01
5.009376960477593954e-01
5.009376960477607277e-01
5.009376960477587293e-01
5.009376960477547325e-01
5.009376960477647245e-01
5.009376960477770480e-01
5.009376960477310847e-01
5.009376960476988883e-01
5.009376960478996166e-01
5.009376960479529073e-01
5.009376960471159101e-01
5.009376960472173845e-01
5.009376960505624865e-01
5.009376960488637343e-01
5.009376960360731879e-01
5.009376960480672603e-01
5.009376960946064772e-01
5.009376960263223211e-01
5.009376958670722635e-01
5.009376962137259692e-01
5.009376967161504046e-01
5.009376950863886346e-01
5.009376936962293136e-01
5.009377009271704928e-01
5.009377037759352724e-01
5.009376731983636866e-01
5.009376732740158378e-01
5.009377970740964692e-01
5.009377494541027431e-01
5.009372693711721114e-01
5.009376512898235934e-01
5.009394272058633746e-01
5.009371411495812110e-01
5.009309369581155247e-01
5.009429000519389774e-01
5.009630428883612430e-01
5.009055843890102278e-01
5.008469904934453876e-01
5.011062218603553609e-01
5.012430860888607009e-01
5.001310696954813784e-01
5.000000000000000000e-01
5.051857619538575594e-01
5.124697248203892164e-01
5.150712476028181941e-01
5.135902863937253926e-01
5.118511788606856516e-01
5.136850004942550285e-01
5.206490080923864561e-01
5.265474181818534660e-01
5.269536755032530051e-01
5.256667332183693198e-01
5.256233840018763592e-01
5.261713460763614014e-01
5.263023618733249087e-01
5.251615380498287911e-01
5.249188595153752024e-01
5.299115026686990193e-01
5.372516743174023945e-01
5.400692102101521952e-01
5.386744377362853164e-01
5.368764993114785167e-01
5.385063549505194613e-01
5.453567503359192381e-01
5.514331472501733389e-01
5.520024966383504372e-01
5.506910122863903911e-01
5.505993196848204541e-01
5.511647787087083916e-01
5.513473487438126375e-01
5.501531741561557221e-01
5.497544200938648817e-01
5.549349300578501065e-01
5.623152255183569981e-01
5.637360759461728099e-01
5.630927647442725004e-01
5.686808505606745223e-01
5.758331672195755591e-01
5.772770267871434324e-01
5.758205861693658223e-01
5.755181603591892348e-01
5.760772645776462975e-01
5.763961521996585624e-01
5.754156461828030533e-01
5.745471799164207916e-01
5.787371289754468240e-01
5.863885637671012452e-01
5.889105600322935841e-01
5.879068992568380336e-01
5.924536265862924145e-01
5.999962886149567964e-01
6.023595430789169258e-01
6.010143489491428515e-01
6.005770214438249655e-01
6.009561413939721319e-01
6.010257301811701147e-01
6.009245134227108043e-01
6.009170743829801431e-01
6.009428907182585711e-01
6.009423000482030375e-01
6.009359913780768503e-01
6.009367297426498888e-01
6.009382046855944459e-01
6.009378814890289355e-01
6.009375534455867474e-01
6.009376655730327421e-01
6.009377341765902436e-01
6.009376994520487791e-01
6.009376862583769574e-01
6.009376962381660636e-01
6.009376984663702403e-01
6.009376957598517865e-01
6.009376954735863308e-01
6.009376961734631539e-01
6.009376961780280579e-01
6.009376960047034810e-01
6.009376960198267170e-01
6.009376960609295049e-01
6.009376960532966105e-01
6.009376960440024895e-01
6.009376960467931461e-01
6.009376960487778918e-01
6.009376960478878260e-01
6.009376960474948071e-01
6.009376960477560425e-01
6.009376960478257645e-01
6.009376960477536000e-01
6.009376960477434970e-01
6.009376960477625929e-01
6.009376960477630369e-01
6.009376960477584850e-01
6.009376960477585961e-01
6.009376960477595953e-01
6.009376960477594842e-01
6.009376960477592622e-01
6.009376960477594842e-01
6.009376960477595953e-01
6.009376960477593732e-01
6.009376960477594842e-01
6.009376960477595953e-01
6.009376960477593732e-01
6.009376960477594842e-01
6.009376960477594842e-01
6.009376960477594842e-01
6.009376960477594842e-01
6.009376960477594842e-01
6.009376960477594842e-01
6.009376960477594842e-01
6.009376960477594842e-01
6.009376960477593732e-01
6.009376960477594842e-01
6.009376960477594842e-01
6.009376960477593732e-01
6.009376960477594842e-01
6.009376960477593732e-01
6.009376960477594842e-01
6.009376960477594842e-01
6.009376960477595953e-01
6.009376960477594842e-01
6.009376960477594842e-01
6.009376960477594842e-01
6.009376960477594842e-01
6.009376960477594842e-01
6.009376960477594842e-01
6.009376960477594842e-01
6.009376960477594842e-01
6.009376960477593732e-01
6.009376960477594842e-01
6.009376960477594842e-01
6.009376960477597063e-01
6.009376960477593732e-01
6.009376960477594842e-01
6.009376960477593732e-01
6.009376960477594842e-01
6.009376960477594842e-01
6.009376960477594842e-01
6.009376960477594842e-01
6.009376960477593732e-01
6.009376960477594842e-01
6.009376960477594842e-01
6.009376960477594842e-01
6.009376960477594842e-01
6.009376960477597063e-01
6.009376960477595953e-01
6.009376960477595953e-01
6.009376960477594842e-01
6.009376960477593732e-01
6.009376960477594842e-01
6.009376960477594842e-01
6.009376960477594842e-01
6.009376960477595953e-01
6.009376960477595953e-01
6.009376960477594842e-01
6.009376960477594842e-01
6.009376960477594842e-01
6.009376960477593732e-01
6.009376960477595953e-01
6.009376960477594842e-01
6.009376960477594842e-01
6.009376960477594842e-01
6.009376960477595953e-01
6.009376960477594842e-01
6.009376960477591512e-01
6.009376960477594842e-01
6.009376960477607055e-01
6.009376960477588181e-01
6.009376960477542662e-01
6.009376960477651464e-01
6.009376960477786911e-01
6.009376960477288421e-01
6.009376960476926488e-01
6.009376960479111407e-01
6.009376960479748675e-01
6.009376960470603768e-01
6.009376960471497497e-01
6.009376960508128196e-01
6.009376960490439012e-01
6.009376960349970265e-01
6.009376960477594842e-01
6.009376960990451266e-01
6.009376960257075684e-01
6.009376958494657694e-01
6.009376962239239006e-01
6.009376967833284233e-01
6.009376950155771446e-01
6.009376934507462131e-01
6.009377013195540407e-01
6.009377046263296718e-01
6.009376712573275547e-01
6.009376705417414088e-01
6.009378060041467018e-01
6.009377571847340782e-01
6.009372304239816165e-01
6.009376350253392562e-01
6.009395898058964569e-01
6.009371404038877928e-01
6.009302842058130700e-01
6.009431865613289458e-01
6.009655645843993144e-01
6.009033139907700161e-01
6.008376433625353119e-01
6.011194726648293463e-01
6.012760644697284773e-01
6.000635671568981255e-01
5.998911363162489074e-01
6.054824873608889435e-01
6.126722135908029276e-01
6.135555526288514194e-01
6.132100490730899578e-01
6.195866209140937775e-01
6.260764292771056061e-01
6.257677468733304771e-01
6.266197079572493056e-01
6.340071973055103616e-01
6.390360221569818533e-01
6.380693538638512186e-01
6.403273579636552526e-01
6.479262145976495413e-01
6.525241540156452302e-01
6.517674316808443891e-01
6.495500755807090965e-01
6.500053704009889355e-01
6.562511558452860383e-01
6.630488680595878481e-01
6.633986687931897608e-01
6.634638089322778542e-01
6.702790181958777627e-01
6.762775112546315359e-01
6.756381532439413862e-01
6.770548758899193054e-01
6.846673014403883428e-01
6.890783653671292974e-01
6.879766687489040633e-01
6.908955095419515580e-01
6.985982890226873909e-01
7.024270266500254323e-01
7.013933480441022494e-01
7.002704566882832493e-01
7.007355878364160962e-01
7.022147792502275720e-01
7.010637030045097084e-01
6.944254802048823727e-01
6.880902752681129497e-01
6.873335566861378254e-01
6.886301094800100220e-01
6.886917259131012381e-01
6.883685632535648802e-01
6.883879893061813915e-01
6.884481541879436950e-01
6.884269448446975748e-01
6.884900612287463417e-01
6.885041773038438340e-01
6.881741758174042545e-01
6.882609131716421746e-01
6.895731898198645959e-01
6.887054366461518029e-01
6.822469707090572655e-01
6.757264331199147600e-01
6.747855055833800186e-01
6.761031358423917892e-01
6.762083302456654010e-01
6.758713338098814027e-01
6.758770642293367992e-01
6.759596611781113484e-01
6.759505111735301108e-01
6.759310343165361168e-01
6.759351164021804026e-01
6.759399216893786644e-01
6.759384116694132638e-01
6.759355727305630390e-01
6.759370503104554784e-01
6.759445900942426810e-01
6.759373374916702870e-01
6.759106043212516068e-01
6.759508326417477120e-01
6.760418154241470967e-01
6.758389049418672689e-01
6.755536527749373965e-01
6.765037220048170097e-01
6.772839853642015351e-01
6.728522963670635626e-01
6.652318615336828556e-01
6.630664699138043572e-01
6.640068351302479410e-01
6.588315372264920144e-01
6.515117766007918476e-01
6.508085337423241690e-01
6.510101620417797497e-01
6.443734731157524376e-01
6.381617882817617327e-01
6.386932267104111771e-01
6.374798278009502495e-01
6.299156169387052362e-01
6.253473251200856176e-01
6.264811167200808883e-01
6.234779716377539804e-01
6.156379986841457042e-01
6.129261723358777614e-01
6.140088968899635180e-01
6.091614809088689020e-01
6.016994367215927619e-01
6.007409730306063622e-01
6.011189056556043298e-01
5.946876960510874000e-01
5.882564864390371628e-01
5.886344190509811281e-01
5.876759553826320648e-01
5.802139112365560791e-01
5.753664951490204960e-01
5.764492195794231888e-01
5.737373937172127736e-01
5.658974210749443401e-01
5.628942738829642023e-01
5.640280650272985197e-01
5.594597819589192111e-01
5.518955696182850090e-01
5.506821359367973789e-01
5.512135937734090607e-01
5.450020411340976700e-01
5.383652203779226708e-01
5.385663709978968372e-01
5.378638655918950295e-01
5.305457252751302200e-01
5.253667249784916837e-01
5.263020424005028230e-01
5.241539180016823174e-01
5.165471252112303624e-01
5.120393147162313197e-01
5.127935349104684182e-01
5.140637039836529754e-01
5.137623958257064860e-01
5.122703758765061455e-01
5.129202036842026580e-01
5.191483880953644547e-01
5.258750713310993419e-01
5.270501819114107311e-01
5.258678268189875826e-01
5.260315363904961572e-01
5.256729551876930806e-01
5.245680487234354317e-01
5.279129226790733043e-01
5.356188470226334042e-01
5.389855112378412194e-01
5.378769052031001641e-01
5.416323261053297422e-01
5.493138177605745298e-01
5.523047695954468317e-01
5.511281740425086895e-01
5.508882709357066920e-01
5.509804878887180069e-01
5.496817420048658587e-01
5.512564787854193904e-01
5.585226805791059235e-01
5.638594009564228404e-01
5.630889646990291375e-01
5.648062327859308951e-01
5.722883884776508445e-01
5.771961523348726475e-01
5.766498259707232288e-01
5.755069004274473432e-01
5.757296412979848732e-01
5.763168962863471911e-01
5.761667179892899782e-01
5.747195650567968883e-01
5.755609444865305013e-01
5.822881851933590092e-01
5.885259259130627418e-01
5.882980079295562215e-01
5.890079189397200432e-01
5.960531498569738851e-01
6.018741985494896474e-01
6.018773095239356996e-01
6.006198977939597450e-01
6.007370447707600647e-01
6.010343957297350492e-01
6.009772295620496863e-01
6.009102104554112644e-01
6.009308711686833782e-01
6.009451262742069311e-01
6.009385775881905811e-01
6.009357696043660102e-01
6.009376833885791136e-01
6.009381765996284486e-01
6.009376506336975288e-01
6.009375807829588911e-01
6.009377183356178209e-01
6.009377225174120651e-01
6.009376880873928961e-01
6.009376902826885081e-01
6.009376985384180525e-01
6.009376972167976838e-01
6.009376953264653487e-01
6.009376958355525655e-01
6.009376962455863502e-01
6.009376960787893296e-01
6.009376959958228070e-01
6.009376960456749295e-01
6.009376960608711071e-01
6.009376960469251516e-01
6.009376960445745874e-01
6.009376960482759600e-01
6.009376960485027785e-01
6.009376960475609764e-01
6.009376960475902862e-01
6.009376960478314267e-01
6.009376960478093332e-01
6.009376960477009755e-01
6.009376960477039731e-01
6.009376960479447805e-01
6.009376960478909346e-01
6.009376960469831053e-01
6.009376960475358853e-01
6.009376960509589249e-01
6.009376960473360452e-01
6.009376960350566454e-01
6.009376960549901447e-01
6.009376960962660164e-01
6.009376959972471122e-01
6.009376958703753768e-01
6.009376963286063855e-01
6.009376966626622796e-01
6.009376946552179577e-01
6.009376940707975567e-01
6.009377024657479582e-01
6.009377016454870990e-01
6.009376680169280505e-01
6.009376842560008036e-01
6.009378132099854053e-01
6.009376960477594842e-01
6.009372252390329239e-01
6.009378984875497487e-01
6.009395164196017491e-01
6.009360788272966047e-01
6.009309433943750278e-01
6.009471716669508856e-01
6.009615370938232726e-01
6.008893000320295608e-01
6.008589432422630772e-01
6.011652766399566694e-01
6.011718458473968019e-01
5.999282767769944513e-01
6.003764477041575454e-01
6.063361478751222444e-01
6.132627927617055885e-01
6.150167285753285196e-01
6.132511612122818478e-01
6.118026214757722459e-01
6.144929714192837178e-01
6.218043531101514754e-01
6.269029669377994551e-01
6.267160771699873401e-01
6.256389548479396323e-01
6.257973667196971013e-01
6.259720104621078196e-01
6.258997832120245519e-01
6.261699562457252455e-01
6.261121875029852513e-01
6.248384249835011728e-01
6.256484413405158929e-01
6.319783256065603094e-01
6.386343356482617750e-01
6.399521298692993909e-01
6.380667278587269786e-01
6.368161682889884601e-01
6.399930111379110720e-01
6.474149932225242710e-01
6.520425910247396040e-01
6.515937803929978678e-01
6.506194898321909781e-01
6.508302693031672304e-01
6.509603818443557843e-01
6.508992123927465068e-01
6.512238422339056143e-01
6.510577861272337508e-01
6.496456601009503729e-01
6.509718624549285515e-01
6.580666856918753194e-01
6.637555455945374216e-01
6.631597651611306210e-01
6.644818752802852391e-01
6.718284274115238208e-01
6.770849024117646664e-01
6.767251255543396127e-01
6.755792927188207786e-01
6.757740317577333178e-01
6.760576615438781412e-01
6.759837800700249089e-01
6.758299858054356291e-01
6.758915152313272889e-01
6.762825303656280207e-01
6.759733003843746424e-01
6.745662162465850820e-01
6.763782410445543514e-01
6.837246890378898545e-01
6.888853487387467389e-01
6.880545475232437980e-01
6.899394868490997812e-01
6.974697428252331077e-01
7.022147388892769904e-01
7.015878101846043657e-01
7.005633246806607373e-01
7.008166273954776759e-01
7.010413161084436684e-01
7.009564196518840440e-01
7.009102815323977609e-01
7.009360271765082695e-01
7.009446669084065107e-01
7.009373833078097471e-01
7.009359904204537361e-01
7.009379409534761685e-01
7.009380966730556217e-01
7.009375978139140706e-01
7.009376063072336738e-01
7.009377285387978773e-01
7.009377149671840446e-01
7.009376863074368025e-01
7.009376923918515523e-01
7.009376987877078413e-01
7.009376966565667999e-01
7.009376953131714050e-01
7.009376959768494064e-01
7.009376962368207842e-01
7.009376960453000960e-01
7.009376960009364721e-01
7.009376960530462330e-01
7.009376960589043248e-01
7.009376960453916894e-01
7.009376960452229355e-01
7.009376960485784736e-01
7.009376960483056918e-01
7.009376960475077745e-01
7.009376960476507712e-01
7.009376960478315155e-01
7.009376960477786689e-01
7.009376960477399221e-01
7.009376960477569085e-01
7.009376960477645691e-01
7.009376960477594620e-01
7.009376960477580187e-01
7.009376960477595730e-01
7.009376960477597951e-01
7.009376960477594620e-01
7.009376960477591290e-01
7.009376960477597951e-01
7.009376960477609053e-01
7.009376960477569085e-01
7.009376960477550211e-01
7.009376960477715635e-01
7.009376960477733398e-01
7.009376960477052831e-01
7.009376960477248231e-01
7.009376960479912766e-01
7.009376960478079788e-01
7.009376960468099993e-01
7.009376960479611895e-01
7.009376960515013577e-01
7.009376960453113092e-01
7.009376960335796936e-01
7.009376960638706855e-01
7.009376960991485772e-01
7.009376959605335689e-01
7.009376958717322692e-01
7.009376964734364002e-01
7.009376966033992185e-01
7.009376941076864709e-01
7.009376945293471772e-01
7.009377044469069507e-01
7.009376989114337597e-01
7.009376612073137114e-01
7.009376988074630388e-01
7.009378350495905075e-01
7.009376247158904949e-01
7.009371625768521241e-01
7.009382185608370452e-01
7.009396582757047023e-01
7.009347333772733002e-01
7.009308424398954518e-01
7.009525535562457499e-01
7.009599814997899969e-01
7.008686837043320850e-01
7.008732631398255641e-01
7.012409385851434696e-01
7.010815466957712738e-01
6.996636618350757786e-01
7.008707776323670480e-01
7.078804451316588198e-01
7.137126913882122503e-01
7.132179545163230827e-01
7.143430845516786087e-01
7.215484762121961992e-01
7.271785885667307880e-01
7.271256191260809798e-01
7.248792760478992570e-01
7.245490651210948485e-01
7.297910008701281592e-01
7.371753830337101077e-01
7.387682663050659793e-01
7.380503877070080376e-01
7.433664974661500224e-01
7.506726830778019943e-01
7.526376201244402431e-01
7.507742634213316890e-01
7.491886956625203320e-01
7.519730183861397244e-01
7.595486365142831708e-01
7.639605687549186896e-01
7.629645380680445399e-01
7.655013284532895534e-01
7.731182956913160709e-01
7.775266750763398793e-01
7.766925611086566983e-01
7.745974566861376642e-01
7.751390788425344125e-01
7.810890816659843416e-01
7.880278912463730689e-01
7.897845503826760316e-01
7.883952643617236911e-01
7.877500682392697406e-01
7.886814794911993776e-01
7.899622236332339842e-01
7.869174955550960471e-01
7.792362253194158317e-01
7.754276003753202140e-01
7.765724718413443695e-01
7.730742945731400306e-01
7.652775335750746644e-01
7.629882175093455343e-01
7.639667020226528216e-01
7.587355736549240559e-01
7.514452170241988638e-01
7.508262914754593176e-01
7.509623994141650938e-01
7.442504959220701544e-01
7.381274433285496261e-01
7.387148623181805096e-01
7.373987660491683194e-01
7.297999990080292765e-01
7.253391164620448528e-01
7.264837530049675918e-01
7.233886034507363005e-01
7.155642261125683135e-01
7.128623088298505772e-01
7.139153240602017503e-01
7.093893143045125749e-01
7.018275851245603381e-01
6.992863731342929823e-01
7.008446389196040238e-01
7.022293731377629022e-01
7.006656501312378271e-01
6.948524919951979406e-01
6.868207255101737019e-01
6.793107431330132062e-01
6.751355642173391125e-01
6.750825305687856437e-01
6.766253138760659480e-01
6.769339980053979966e-01
6.733419235557102089e-01
6.661027624645728951e-01
6.579823163606036696e-01
6.517353434552017877e-01
6.496325375221623233e-01
6.507709641919388055e-01
6.525219430290679634e-01
6.507530728915429385e-01
6.434794645472439178e-01
6.380891948840723416e-01
6.388697806523815359e-01
6.371259672184289569e-01
6.294454582068120807e-01
6.253141998756993614e-01
6.264586638252804818e-01
6.231909648404606594e-01
6.154467916597970989e-01
6.123167010942360822e-01
6.133700277753235675e-01
6.124392989032033663e-01
6.128977036979144088e-01
6.229750646788994040e-01
