1.076421318143924832e+00
1.085581701185690751e+00
1.089121645053824139e+00
1.089414149884143201e+00
1.088825829670453604e+00
1.088807609386747810e+00
1.088955179453725330e+00
1.088946235272161056e+00
1.088910837736296600e+00
1.088916381226604946e+00
1.088923849591777016e+00
1.088921666540754174e+00
1.088922893065175979e+00
1.088922731750296524e+00
1.088911238294731021e+00
1.088918974362256264e+00
1.088963427131384609e+00
1.088913780558354194e+00
1.088754907483216572e+00
1.089021863133512902e+00
1.089554438008599524e+00
1.088247149764022037e+00
1.086609490092918628e+00
1.092847351012800505e+00
1.107242469913016780e+00
1.119253002905806538e+00
1.125135922483346373e+00
1.128523938376082558e+00
1.135654397522858128e+00
1.152923206785888555e+00
1.174031200851411771e+00
1.188639203442044323e+00
1.201196830801369408e+00
1.219347973424053100e+00
1.241182685361895466e+00
1.262487503369883690e+00
1.279652121008417298e+00
1.292351847649473306e+00
1.306931587243107318e+00
1.326743770109654941e+00
1.349155198166018588e+00
1.369667047566449858e+00
1.382929896484924370e+00
1.395214545101367554e+00
1.420922389677501174e+00
1.456837964355226500e+00
1.490630071595929529e+00
1.523567315654551280e+00
1.561554831736227555e+00
1.602913006940924312e+00
1.643884510661329568e+00
1.681953602658327496e+00
1.715912606657758133e+00
1.747195510554083064e+00
1.779060087952449853e+00
1.817266395612172847e+00
1.863776902982904549e+00
1.915106689517002803e+00
1.968457987422211897e+00
2.022144354235156705e+00
2.075138026634604227e+00
2.127160890095764145e+00
2.180693001369558903e+00
2.238853832139553912e+00
2.299593587324167743e+00
2.359635044765049816e+00
2.419071931518665952e+00
2.478700698972387428e+00
2.538634047746297195e+00
2.598588257425556325e+00
2.657719959040752755e+00
2.716827176959315526e+00
2.779373870569851412e+00
2.846060028278385889e+00
2.914039891106797064e+00
2.980390218710404771e+00
3.042593052504121598e+00
3.101517615585878573e+00
3.160089451171118835e+00
3.220462505190992974e+00
3.284327118672830004e+00
3.352896551460212482e+00
3.425976029741688578e+00
3.498674550916702319e+00
3.566574289436093448e+00
3.629470235277631573e+00
3.688997356861561716e+00
3.748910991377064850e+00
3.809386049083953285e+00
3.865471633822056940e+00
3.917789737704152842e+00
3.972861453296552714e+00
4.033532532966367157e+00
4.099270031302529205e+00
4.165946397002070256e+00
4.228290954711498628e+00
4.286362007616672187e+00
4.341648906344117265e+00
4.392337658625868002e+00
4.438041454660172747e+00
4.486023773231403666e+00
4.539883342928848542e+00
4.591295434719782520e+00
4.637007065988361099e+00
4.684762796289234643e+00
4.732962818355238355e+00
4.768085997976351464e+00
4.792426009134413079e+00
4.821916590916184298e+00
4.856479926592227159e+00
4.886268925694589704e+00
4.911236902736400012e+00
4.935989673855964988e+00
4.964095495416995796e+00
4.997126950156599356e+00
5.030271618566141356e+00
5.058616407241075308e+00
5.081327938203476613e+00
5.096967805251442662e+00
5.101639819502072015e+00
5.099609827898998304e+00
5.106829323007035626e+00
5.122317610909626673e+00
5.127337409753155661e+00
5.125260769355747037e+00
5.135094588877048061e+00
5.149943908286834571e+00
5.151774487406274972e+00
5.151052705184948621e+00
5.164005957928974766e+00
5.176740438273821354e+00
5.175595100764383005e+00
5.178150913765410479e+00
5.194428321814108074e+00
5.200595965599381643e+00
5.186158543329354664e+00
5.172157338040665131e+00
5.166844874988528069e+00
5.158548823246369430e+00
5.144288889436182011e+00
5.130099552429149945e+00
5.117152518720522458e+00
5.103419497862460297e+00
5.090358066744719245e+00
5.079685588137308194e+00
5.064124648299606513e+00
5.037507021151355069e+00
5.011680606261369242e+00
4.997046509435181250e+00
4.986341651300544520e+00
4.973126049982459662e+00
4.959318116666562304e+00
4.946195585455248178e+00
4.932540510477840812e+00
4.918967957887160125e+00
4.907950583516942800e+00
4.894949228197123858e+00
4.871062864405788062e+00
4.843302043735761231e+00
4.825863530618063280e+00
4.814826990319219568e+00
4.800966343187172747e+00
4.788545207344403032e+00
4.782426489247588286e+00
4.774650939275455919e+00
4.760342199954210152e+00
4.749385774373823921e+00
4.744637809696416575e+00
4.732371780146261919e+00
4.710686843364184639e+00
4.695178035159745633e+00
4.689929359620331084e+00
4.686736651425675859e+00
4.679475733270394677e+00
4.665171515197884311e+00
4.652293936356285187e+00
4.651649051588839789e+00
4.651586344811944329e+00
4.638350829490045513e+00
4.625865258487593223e+00
4.626451941543447965e+00
4.624973096471974188e+00
4.611382391186412022e+00
4.597910066232222093e+00
4.591534998265744960e+00
4.586405399878985989e+00
4.579556483378810050e+00
4.572627492226081003e+00
4.566083648447418319e+00
4.559264552550227556e+00
4.552652662937766159e+00
4.547959902793090592e+00
4.550581128531070441e+00
4.564401463701568851e+00
4.576566101689182098e+00
4.575892153435225929e+00
4.577606773409856444e+00
4.592294064314270230e+00
4.602484980141733573e+00
4.600472115950774210e+00
4.605225735042785651e+00
4.620834875511188322e+00
4.627570402449874720e+00
4.625218266637223685e+00
4.633558146918330678e+00
4.648896851031458333e+00
4.652096026962431630e+00
4.650627490970503430e+00
4.662302587985262647e+00
4.676142887730678765e+00
4.676347768477508104e+00
4.676998152645515106e+00
4.691205317341692549e+00
4.702307784849590000e+00
4.700480571059928891e+00
4.704584718424525747e+00
4.720448599075520946e+00
4.726452124796059806e+00
4.717771959858357178e+00
4.712226240595810189e+00
4.713613064690603593e+00
4.712453054348173076e+00
4.704279642625288638e+00
4.689357666936216695e+00
4.677015735823030873e+00
4.676849209938001017e+00
4.676339268976340335e+00
4.662621898512671947e+00
4.650752056069979545e+00
4.652047853845401981e+00
4.649212881236833184e+00
4.633996486402041981e+00
4.625215096652119051e+00
4.627503945856235923e+00
4.621307504194065885e+00
4.605711872928207384e+00
4.600091871479686567e+00
4.602187925352532183e+00
4.594173760975041709e+00
4.578746072230414299e+00
4.568693171932268982e+00
4.564116055942975869e+00
4.559817506653294217e+00
4.550609140639339856e+00
4.535280864990691718e+00
4.525781330773103406e+00
4.527446539566782668e+00
4.523652198983077355e+00
4.508511161600546657e+00
4.499612277635021584e+00
4.501274612692466981e+00
4.498888460015800561e+00
4.490908867209419952e+00
4.488063399053199731e+00
4.489143319454445447e+00
4.485538783711954025e+00
4.477471584200790389e+00
4.469346335116165747e+00
4.463933829077566529e+00
4.462689247988052443e+00
4.464152673828765572e+00
4.465572904356502448e+00
4.462640686946791391e+00
4.455010679492223957e+00
4.450917199481441600e+00
4.452026337952412760e+00
4.448930199760736670e+00
4.441136926637385685e+00
4.438303296272243514e+00
4.439366063546211549e+00
4.435185503570043153e+00
4.427549056818948614e+00
4.424029274565359771e+00
4.426099388468601958e+00
4.432227443026379277e+00
4.439215621528754596e+00
4.444985365092081864e+00
4.453110329154071678e+00
4.466026573561856949e+00
4.480344117627966583e+00
4.493612659466476700e+00
4.506630277221594483e+00
4.519930289419237468e+00
4.533266281884133164e+00
4.546529468614518343e+00
4.559790654407946953e+00
4.573069887332783523e+00
4.586347850870763132e+00
4.599621511522274275e+00
4.612895919359524477e+00
4.626171311551120269e+00
4.639446418318796006e+00
4.652721309862918098e+00
4.665996293416915464e+00
4.679271322866843441e+00
4.692546325752520175e+00
4.705821314052720084e+00
4.719096309782891296e+00
4.732371331730654163e+00
4.745646342490092096e+00
4.758921255639068981e+00
4.772196243144216865e+00
4.785471597958174783e+00
4.798746518322595023e+00
4.812020119992470590e+00
4.825295965605485904e+00
4.838576250769193621e+00
4.851845764534375327e+00
4.865101736426930223e+00
4.878406769979532598e+00
4.891746269001588487e+00
4.904872338781156138e+00
4.917945692457179163e+00
4.931910224554078681e+00
4.945736916568998609e+00
4.955751436296914392e+00
4.961850754144834674e+00
4.967559778197921716e+00
4.974405466362904704e+00
4.982100967023499472e+00
4.988322866227336227e+00
4.990275325963305697e+00
4.988991515703326662e+00
4.987298246660587964e+00
4.989340922332579531e+00
4.996701585367850917e+00
5.001840360042974609e+00
5.001019227164520409e+00
5.002864255900891344e+00
5.010399106623391496e+00
5.015044336832675143e+00
5.014358825697440736e+00
5.014161108710646353e+00
5.014565501425771288e+00
5.010717427920018174e+00
5.003150274096461736e+00
4.995656665888051684e+00
4.989467374496113550e+00
4.984077459795623888e+00
4.976245326548829340e+00
4.963490476431569931e+00
4.949711020599814937e+00
4.937497030643239526e+00
4.921866899097711467e+00
4.901237326059578514e+00
4.882963426583469158e+00
4.870020138666736997e+00
4.857833687877153750e+00
4.844378990718070987e+00
4.830834784295518602e+00
4.817627474233271201e+00
4.804490622969976421e+00
4.791165030330970964e+00
4.777551875740964071e+00
4.764522139475377394e+00
4.752468477067017361e+00
4.737740742225915902e+00
4.717871950292776617e+00
4.698077821437673940e+00
4.683321315144733710e+00
4.674289523934631596e+00
4.668490899507576231e+00
4.659250779390529118e+00
4.645332123996547047e+00
4.632686470410936508e+00
4.626400697333151513e+00
4.629694208603710948e+00
4.637558564311278886e+00
4.640661261964416084e+00
4.639168134376800090e+00
4.637637887198402531e+00
4.638927805276747307e+00
4.644463823404820779e+00
4.652401469258898636e+00
4.660039282872934230e+00
4.664563815919093415e+00
4.664871032313834043e+00
4.663356796774781543e+00
4.662833839352914289e+00
4.666010790542620690e+00
4.673017227110322303e+00
4.681186509809232454e+00
4.687711946012870001e+00
4.690111000429893373e+00
4.689218925729611520e+00
4.687816701206733327e+00
4.688718984631327302e+00
4.693969727811537318e+00
4.701856878681349272e+00
4.709570045590849574e+00
4.714434475455465900e+00
4.715086816517038315e+00
4.713295048431910494e+00
4.712230725938027831e+00
4.716542256597231031e+00
4.724402779632464799e+00
4.726063473625631062e+00
4.724635672024119160e+00
4.734382586512003499e+00
4.749298874489221056e+00
4.751910454020420893e+00
4.750716448097491273e+00
4.762756110205983440e+00
4.776331942281641929e+00
4.776298103985745946e+00
4.777206306903384103e+00
4.791463520618753691e+00
4.802515963390447062e+00
4.801067178763153365e+00
4.804083524649504611e+00
4.818499888143149334e+00
4.831058517803542784e+00
4.836888934213684266e+00
4.842260955497208030e+00
4.849223826077193600e+00
4.855986773009751012e+00
4.862556666743117262e+00
4.869775329327536539e+00
4.876045246816541834e+00
4.878814613275298306e+00
4.876205981340400619e+00
4.868605414907218432e+00
4.863705270238832590e+00
4.865097261396094552e+00
4.861892383259471373e+00
4.848553663909480171e+00
4.833387562585386377e+00
4.820505915593686908e+00
4.806611644762565305e+00
4.792851635455038561e+00
4.784647057900287770e+00
4.778772237344269591e+00
4.766922807216984026e+00
4.752994229900689760e+00
4.745328672694787642e+00
4.739169625853865142e+00
4.727174540754080390e+00
4.712700348325007838e+00
4.699804627141152658e+00
4.685762026220859688e+00
4.670540064165409788e+00
4.662761457387968100e+00
4.663838577912923888e+00
4.662111394922893837e+00
4.654515569235058159e+00
4.649199731992471385e+00
4.649945971914342557e+00
4.655910804167609385e+00
4.662901211914727284e+00
4.665469671697115572e+00
4.664130786272292717e+00
4.662292429958450057e+00
4.664031349699914841e+00
4.671228142993024690e+00
4.676754522175383677e+00
4.676139228972713724e+00
4.677482942282219724e+00
4.684758878185575348e+00
4.690222223847221983e+00
4.690062818722301685e+00
4.687819328955086462e+00
4.687575451270316051e+00
4.692921001504796408e+00
4.700250216274068471e+00
4.701733259812009180e+00
4.701054615589803198e+00
4.706438109010113280e+00
4.713705049811893311e+00
4.715618723013426994e+00
4.713743696624581148e+00
4.712162848712919683e+00
4.714974514963166108e+00
4.722567024846325623e+00
4.726902830985563853e+00
4.725825412961873084e+00
4.728664413532991162e+00
4.736478168374484099e+00
4.739458505208024697e+00
4.738328007509983841e+00
4.742851315650624677e+00
4.750418465434314896e+00
4.751716702980944618e+00
4.751129549147353970e+00
4.757138866978708691e+00
4.763948937665369421e+00
4.764256407320376141e+00
4.764215043192146837e+00
4.769962865269396168e+00
4.778487731000718775e+00
4.785906571534815690e+00
4.789768310234406634e+00
4.789712590783730128e+00
4.788180455880036490e+00
4.787959307893440375e+00
4.791762472398616524e+00
4.799068183283123012e+00
4.806894068215048499e+00
4.813115567156139640e+00
4.816127224966134435e+00
4.814221634081932599e+00
4.807085899576605037e+00
4.801270407665287010e+00
4.801664031465943339e+00
4.800727911230350031e+00
4.793592485340465892e+00
4.787959345463430161e+00
4.788082714820786734e+00
4.789132934649882323e+00
4.788876246854798957e+00
4.789373972460370332e+00
4.789650335091726774e+00
4.785940028989314143e+00
4.778454005709804164e+00
4.770223753552514268e+00
4.764336590315137343e+00
4.763063415024383573e+00
4.763917487944397955e+00
4.763788667218375572e+00
4.764043344584038664e+00
4.765298836683468764e+00
4.762721734570394716e+00
4.755134180462007976e+00
4.750854693305705645e+00
4.751887631469864814e+00
4.749195761327869469e+00
4.741578503375597720e+00
4.737192862436786278e+00
4.738094741844294688e+00
4.740774266064244458e+00
4.739978441000586074e+00
4.731571656037031559e+00
4.726226657109416252e+00
4.736481603490702241e+00
4.751963914676020195e+00
4.759985683688379154e+00
4.764799352451307257e+00
4.771504780186364592e+00
4.778053036138308229e+00
4.783926954260692810e+00
4.793268845676990964e+00
4.806915669275006131e+00
4.820827056705218716e+00
4.833872828338040328e+00
4.847831285007130120e+00
4.861118475964589791e+00
4.870148552354106819e+00
4.875737730353297827e+00
4.880984759193715661e+00
4.888697565607303730e+00
4.900727454709911335e+00
4.915333221894718108e+00
4.929723692549539571e+00
4.940849799307613921e+00
4.947647275104921860e+00
4.953425754395997416e+00
4.960149658725053534e+00
4.966800728718061109e+00
4.973293423967525939e+00
4.980763484679270547e+00
4.987552598709923402e+00
4.989987106421693852e+00
4.989133543198764009e+00
4.988636894358672080e+00
4.988898291188215595e+00
4.988997217481557556e+00
4.988919236932769508e+00
4.988890659664798832e+00
4.988930080204146300e+00
4.988974194501429871e+00
4.988873167433506062e+00
4.988741388486575445e+00
4.989187140709207213e+00
4.989549565480785098e+00
4.987367151062153781e+00
4.980599631837002939e+00
4.968145367317195138e+00
4.954321815074142599e+00
4.946290389654595110e+00
4.940290721699125420e+00
4.928391673106491844e+00
4.914378668621475654e+00
4.903539778019763595e+00
4.887126707795575342e+00
4.859259234102363934e+00
4.835490560872197641e+00
4.823960349479714083e+00
4.806743230242057408e+00
4.778003704439678145e+00
4.757032031787108650e+00
4.746129835796386587e+00
4.725516382507855440e+00
4.696713264411892297e+00
4.679199471075817129e+00
4.667773618578731742e+00
4.644082567727669364e+00
4.616215463894707938e+00
4.600463880132394046e+00
4.588721860029044919e+00
4.569353087688936554e+00
4.549136383702400366e+00
4.535174848387531377e+00
4.523412277916163404e+00
4.510209383552557405e+00
4.496430312342077684e+00
4.483064147082346906e+00
4.470468655589696638e+00
4.457432885030801373e+00
4.441640029544990043e+00
4.428263065287934452e+00
4.426489203276139150e+00
4.427386006795696716e+00
4.415556317733948077e+00
4.401790811966316497e+00
4.401485560581553713e+00
4.400952598291430817e+00
4.386909890017561153e+00
4.375529916312844492e+00
4.377069593190535457e+00
4.373716987691452118e+00
4.358536504243170739e+00
4.349633797765237730e+00
4.351376494598214961e+00
4.348611306110401031e+00
4.340525726053737543e+00
4.339817545684791611e+00
4.348572557817432127e+00
4.361517244712002750e+00
4.374933295224495922e+00
4.386941499446392001e+00
4.401388111375386103e+00
4.421615441311345762e+00
4.440770148028560627e+00
4.453751412500777107e+00
4.467711978989877153e+00
4.487462445376504405e+00
4.508644895028892208e+00
4.528470751455419219e+00
4.548126815304779136e+00
4.568111721632609701e+00
4.587871697425695672e+00
4.607745489488125124e+00
4.628555816732143668e+00
4.648220340950671492e+00
4.663541379612384574e+00
4.675642931667376878e+00
4.687525426376211612e+00
4.702255442180804046e+00
4.721534994086566961e+00
4.742293930645725020e+00
4.762053192647277555e+00
4.782296141173081772e+00
4.802940524827444158e+00
4.820140679881442125e+00
4.833097615312057727e+00
4.845394198721987067e+00
4.858783306457321594e+00
4.872885052018734342e+00
4.886057555942319830e+00
4.896726745533806380e+00
4.911152727432694931e+00
4.936744302542704688e+00
4.963551509865997247e+00
4.979415758307370155e+00
4.990040725859852699e+00
5.002921954713306363e+00
5.016909477033591358e+00
5.030242227777486974e+00
5.043264536179754565e+00
5.056469871345522726e+00
5.070132553127600694e+00
5.083587137075665119e+00
5.095035760533224156e+00
5.101248945497828480e+00
5.098516224745416103e+00
5.090454673679292164e+00
5.084004268075204891e+00
5.077188986459828968e+00
5.065377836041843551e+00
5.050938266822459610e+00
5.037410611783249337e+00
5.024459980749621302e+00
5.011238787233868841e+00
4.997830510982176122e+00
4.984484996995832695e+00
4.971471697638225606e+00
4.958386386988654415e+00
4.944046500347140771e+00
4.930392741995397010e+00
4.922009166542748559e+00
4.916115115634452692e+00
4.905367607040975741e+00
4.891005721048609090e+00
4.877902715632881581e+00
4.864406829310397917e+00
4.848595703650944166e+00
4.838561212599449490e+00
4.839292695341507411e+00
4.837606695066252627e+00
4.824727033466161608e+00
4.809414422905801345e+00
4.796706630978722075e+00
4.782039494434692450e+00
4.767502987180428420e+00
4.763301589626740551e+00
4.765035178637875291e+00
4.756776823499844653e+00
4.741594266630202448e+00
4.733759449096423211e+00
4.737875620354527584e+00
4.752028699075854234e+00
4.764032294899568143e+00
4.764124097192108387e+00
4.764649098588556342e+00
4.776541245868494379e+00
4.792973569724699345e+00
4.807006015496816609e+00
4.817191474373821336e+00
4.823812078442591300e+00
4.828752068290832256e+00
4.835088461635737467e+00
4.846578070675586325e+00
4.860573951163583928e+00
4.870228259930830639e+00
4.875655564228305039e+00
4.880772976209113878e+00
4.888455422022396135e+00
4.900407570654133238e+00
4.914965193781096531e+00
4.929393805481989688e+00
4.940638470132297400e+00
4.947509566167118678e+00
4.953270690757049621e+00
4.959980785902185829e+00
4.966644499345328256e+00
4.973126474725590995e+00
4.980572693187159672e+00
4.987426555735434697e+00
4.989982750840129100e+00
4.989161558350065029e+00
4.988636814272488174e+00
4.988891901532179318e+00
4.988992999989000587e+00
4.988921102668996355e+00
4.988910693052872602e+00
4.988919852641144459e+00
4.988895929539391538e+00
4.988946464925275492e+00
4.989030986833676629e+00
4.988770084141085803e+00
4.988528752042951986e+00
4.989693602913995996e+00
4.990233168521509555e+00
4.984909520799392979e+00
4.977439475555770265e+00
4.977211336743916803e+00
4.977539473553659555e+00
4.965624540650948049e+00
4.951876842115952471e+00
4.951021599605941681e+00
4.951117516178108247e+00
4.938964108853399537e+00
4.924371399052156484e+00
4.916772934554652252e+00
4.912874041382010226e+00
4.907481069321298683e+00
4.895600064833126375e+00
4.880610032006067911e+00
4.875797323696280827e+00
4.877807588238882275e+00
4.868724902859154824e+00
4.853605954823706270e+00
4.850790849431948715e+00
4.852077301844187396e+00
4.840374783967875238e+00
4.826509698073413901e+00
4.825339258817825439e+00
4.826074876757012966e+00
4.818560106039339708e+00
4.813855219373520455e+00
4.819839841378104950e+00
4.829658823484481722e+00
4.836975002895059994e+00
4.839233080576123669e+00
4.838480422271971726e+00
4.841250252513914276e+00
4.848697891101570789e+00
4.857310358928401683e+00
4.863362845250548183e+00
4.864069978104938130e+00
4.863771046344710136e+00
4.868473578439348692e+00
4.876771294860631656e+00
4.884920610330429902e+00
4.889185789405781080e+00
4.888696138043055583e+00
4.889775600587052296e+00
4.896163041263664972e+00
4.904834359603283289e+00
4.912046538247781591e+00
4.914299845129965760e+00
4.913521312867684010e+00
4.916518911344987863e+00
4.924132284571514973e+00
4.932718333138149447e+00
4.938534243118567701e+00
4.939014622711918712e+00
4.938865440723802180e+00
4.943839543258810032e+00
4.952221263696925391e+00
4.960267496923075115e+00
4.964235757556512141e+00
4.963632352883747600e+00
4.965009505086475983e+00
4.971647248636781313e+00
4.980147855252840650e+00
4.987078904574986815e+00
4.989850385509279285e+00
4.989242646877472431e+00
4.988662657382390009e+00
4.988868764024976699e+00
4.988990258047691029e+00
4.988927103541426433e+00
4.988903627720056910e+00
4.988921690847861967e+00
4.988925689865527424e+00
4.988920806743138314e+00
4.988920304524690152e+00
4.988921512825988280e+00
4.988921443523720356e+00
4.988921407407153730e+00
4.988921664813918966e+00
4.988920509202857900e+00
4.988920015383246032e+00
4.988925182244615897e+00
4.988925224311738127e+00
4.988904270168864841e+00
4.988911860387720942e+00
4.988993231699005548e+00
4.988931665876051191e+00
4.988629276884523733e+00
4.988999024473116606e+00
4.990065293740648222e+00
4.988110672773292009e+00
4.981434027360076122e+00
4.974582853190025133e+00
4.968839461545565328e+00
4.958817929984967066e+00
4.944685343059043170e+00
4.933813944757234005e+00
4.927937060504040900e+00
4.923342673733867692e+00
4.916236744282030280e+00
4.903776544520774827e+00
4.890140415895586123e+00
4.881491295620497439e+00
4.876377031877532353e+00
4.870995339162873528e+00
4.862614864115856861e+00
4.849999014170043310e+00
4.835309721613168854e+00
4.821286510687450289e+00
4.810624176486583359e+00
4.804005471001572047e+00
4.799175769766773847e+00
4.792859453711571405e+00
4.781354904898884151e+00
4.767351921870206510e+00
4.757823003832205799e+00
4.752317539236178057e+00
4.746526734742035458e+00
4.739361641079747223e+00
4.731578297137949640e+00
4.726236799742091321e+00
4.725539113447537076e+00
4.726550932927445103e+00
4.726629118883453273e+00
4.726370242163373980e+00
4.726374507744761644e+00
4.726438130275464111e+00
4.726431282923836186e+00
4.726416278526803794e+00
4.726419359838469170e+00
4.726422739778904258e+00
4.726421655594247540e+00
4.726420933733359142e+00
4.726421274169270603e+00
4.726421424003911298e+00
4.726421318764322699e+00
4.726421266513331609e+00
4.726421331063742848e+00
4.726421428123034119e+00
4.726421230070292800e+00
4.726420929053699815e+00
4.726421832750896002e+00
4.726422700000476596e+00
4.726418675674843861e+00
4.726416677180546699e+00
4.726433811199322044e+00
4.726435579451810476e+00
4.726365590585418275e+00
4.726384216187286214e+00
4.726658849591431455e+00
4.726480314401423577e+00
4.725447522463822381e+00
4.726576126179219628e+00
4.732408404510549893e+00
4.740139466673713997e+00
4.746980261175595572e+00
4.753086070835705890e+00
4.759385944715440964e+00
4.767304888923374229e+00
4.774843335849613624e+00
4.775905176302436494e+00
4.774627866282779465e+00
4.783982738811770830e+00
4.798909364589766469e+00
4.803458730485008488e+00
4.801425099647198991e+00
4.804960817586424682e+00
4.813720685407838040e+00
4.822611027324603228e+00
4.826425593270618819e+00
4.824314761482245473e+00
4.828554199070201669e+00
4.843685078852923098e+00
4.852537272741862751e+00
4.850404619857857647e+00
4.855942499722702976e+00
4.871372636271923184e+00
4.878648683777571549e+00
4.876687307069087041e+00
4.878743211361577181e+00
4.886952651283744231e+00
4.896222790101419697e+00
4.901343667654185055e+00
4.899646740623774477e+00
4.901679113477873884e+00
4.915846653236452646e+00
4.927124948540814842e+00
4.925672693011927450e+00
4.928851880627526327e+00
4.944127724012558289e+00
4.952669850430155840e+00
4.950407043255557582e+00
4.956598834693154210e+00
4.972068718125268738e+00
4.978667889075920172e+00
4.976600399478587455e+00
4.979050946364834473e+00
4.987442046323353750e+00
4.996628040173014540e+00
5.001398002209156424e+00
4.999534609852609002e+00
5.002149890951425704e+00
5.016661950690312288e+00
5.027278851558437900e+00
5.025540556084548527e+00
5.029454245454494377e+00
5.044903804179169171e+00
5.052668086457038576e+00
5.050346948078635378e+00
5.057335003196000933e+00
5.072783480440165249e+00
5.078552526849531290e+00
5.076445690520378307e+00
5.079817171715075297e+00
5.088089678988913178e+00
5.095198030534137779e+00
5.101523439753876232e+00
5.108667157844453577e+00
5.114510352966874507e+00
5.116342040564560101e+00
5.112286889705038639e+00
5.104331408690506500e+00
5.101515095995443616e+00
5.103442633832364628e+00
5.095783782800434203e+00
5.080359449427263918e+00
5.075552448028728847e+00
5.077576562237505975e+00
5.067583127821423616e+00
5.052800262252067576e+00
5.051129242466865676e+00
5.051742457859145219e+00
5.038560932441974671e+00
5.026083022342763051e+00
5.027743654289891673e+00
5.024261390580572417e+00
5.003408333629170812e+00
4.985036553060099962e+00
4.979335031065935446e+00
4.972539935473672124e+00
4.958600882441498214e+00
4.943779085329280676e+00
4.930776255371553951e+00
4.918303019111267105e+00
4.904863525127199253e+00
4.888763477958024239e+00
4.866999467089209830e+00
4.836907957428570271e+00
4.801421318143919592e+00
4.763836380734502995e+00
4.720998261367613580e+00
4.672518246276426090e+00
4.630334992497966873e+00
4.598685337081648505e+00
4.561959513467384930e+00
4.514433730769754405e+00
4.468333279413668535e+00
4.429075021522850264e+00
4.392885106737521639e+00
4.352939062504175283e+00
4.301200317166136600e+00
4.238558329850361517e+00
4.171211044981705029e+00
4.105536007329889436e+00
4.045796077884148190e+00
3.985709241681262949e+00
3.919375783338225450e+00
3.853226099956359896e+00
3.792801002483415562e+00
3.734998645646715243e+00
3.675997463946544919e+00
3.613068599844149631e+00
3.546352890546320413e+00
3.479436614797317251e+00
3.413262505266990932e+00
3.346262600836829915e+00
3.279896418689237869e+00
3.217445627094766003e+00
3.158930200973417257e+00
3.101966244250122795e+00
3.039936567041202853e+00
2.967870136800539793e+00
2.894198433600977172e+00
2.826895862003017346e+00
2.762227499073675929e+00
2.696169401862015924e+00
2.628676671921815089e+00
2.561591762489305424e+00
2.498736377032106049e+00
2.439630078617433195e+00
2.378788045925613659e+00
2.311791593985933702e+00
2.236531726688569588e+00
2.163859517505580143e+00
2.109537375686338478e+00
2.067301501655899099e+00
2.023231333531710252e+00
1.974613010372342492e+00
1.922424347108729004e+00
1.868044148574720342e+00
1.813706215937672006e+00
1.763557133033633484e+00
1.717883126188608944e+00
1.669428341409476602e+00
1.615842123140950104e+00
1.562521056207079484e+00
1.515927238673385302e+00
1.482307280732465538e+00
1.457784219919239899e+00
1.432170463195918897e+00
1.405192045182689586e+00
1.381639701518978747e+00
1.364324921801889579e+00
1.352949828708353897e+00
1.337030392822618596e+00
1.309838227130643906e+00
1.284825056187460124e+00
1.271150809505711354e+00
1.259977347566751060e+00
1.246161625258969341e+00
1.234308531101412587e+00
1.227610579439464722e+00
1.226346775460984917e+00
1.226955811419201181e+00
1.223254679905193765e+00
1.215616560889045239e+00
1.208232064274433526e+00
1.201986231757995460e+00
1.196043631660399287e+00
1.188743400772848346e+00
1.179988247023640913e+00
1.176572064536629103e+00
1.182593528986254139e+00
1.190692032449165660e+00
1.196574685061264853e+00
1.205381869933950911e+00
1.218967306288157859e+00
1.233180058534420365e+00
1.246282842886333730e+00
1.259426063286560149e+00
1.272763932422859900e+00
1.285731721904020075e+00
1.299111200187300197e+00
1.313756377177252022e+00
1.326011941286417750e+00
1.332524075676344122e+00
1.339645231676311665e+00
1.352875906615913060e+00
1.365996273223263113e+00
1.373557895955732633e+00
1.377318097224955240e+00
1.378153243176210685e+00
1.373895967579596311e+00
1.366446471393458539e+00
1.362728827387211128e+00
1.363516224608553040e+00
1.364083357380529771e+00
1.363848534761256781e+00
1.364624096967476552e+00
1.364219393897139421e+00
1.359327410586863571e+00
1.351373520819158625e+00
1.343435059072594306e+00
1.338597809820348816e+00
1.338238601310692166e+00
1.338986419522318450e+00
1.338718938954281068e+00
1.339394591915108013e+00
1.340240992942974385e+00
1.336052958207422536e+00
1.328417060872367994e+00
1.325931015230296328e+00
1.326924801900011275e+00
1.322447807345509929e+00
1.314893126214301100e+00
1.312145312633300476e+00
1.313770502067059809e+00
1.315730491980726891e+00
1.313615647041870282e+00
1.305920814007867747e+00
1.301293235054546971e+00
1.303323285876404114e+00
1.298420851588689695e+00
1.283066944084191086e+00
1.275254208063328010e+00
1.277517332668218764e+00
1.270850838846806496e+00
1.255404583662532714e+00
1.249186143817914152e+00
1.251284862566941047e+00
1.248622709683879783e+00
1.240145503439278984e+00
1.231009627072087387e+00
1.226426244493248996e+00
1.228362131352676911e+00
1.225431491099030490e+00
1.210759441806024350e+00
1.200502436796173189e+00
1.202373730637456894e+00
1.198049876362412780e+00
1.182512756079829419e+00
1.175248199240049862e+00
1.177623586920276022e+00
1.169828373986811609e+00
1.154370316913831074e+00
1.150643733375203759e+00
1.152328835166883225e+00
1.141156024190722373e+00
1.126986266962066052e+00
1.126262123123344061e+00
1.126143417935547841e+00
1.112676538351828004e+00
1.100389146868462564e+00
1.100546052849706857e+00
1.100509706969662105e+00
1.093109292679124156e+00
1.087643411909268609e+00
1.088111173681010735e+00
1.089309068391089763e+00
1.089082976592531393e+00
1.088811026387507708e+00
1.088892714682022866e+00
1.088951226760620505e+00
1.088925261053380833e+00
1.088913523048695042e+00
1.088921150209855915e+00
1.088923277313338378e+00
1.088921165945123226e+00
1.088920842885108486e+00
1.088921400837584708e+00
1.088921430776502719e+00
1.088921285166353226e+00
1.088921286083027962e+00
1.088921341414617938e+00
1.088921348762666996e+00
1.088921250391456708e+00
1.088921237443241541e+00
1.088921610852298105e+00
1.088921533448673262e+00
1.088920065231523626e+00
1.088920924848256089e+00
1.088926484787358762e+00
1.088920841041282728e+00
1.088900771930633393e+00
1.088931854089751683e+00
1.089000103609908399e+00
1.088845368280034753e+00
1.088630987191071986e+00
1.089349463927230532e+00
1.089941134813924961e+00
1.086554022134143205e+00
1.079331096226463282e+00
1.072411961493886734e+00
1.065977107858639528e+00
1.057762267803400436e+00
1.051697326319775971e+00
1.052870131109447938e+00
1.051728656774819637e+00
1.038195414433275454e+00
1.025989687292028218e+00
1.026831332517196049e+00
1.024844318807902388e+00
1.010296427635469119e+00
9.996527821654241919e-01
1.000555396738000979e+00
1.000386181644783212e+00
9.932661919881451418e-01
9.837744023255772241e-01
9.771150711171892045e-01
9.775297969073024618e-01
9.778377425712767579e-01
9.661267723246336203e-01
9.521943704740500891e-01
9.512810002028126988e-01
9.513483840112775258e-01
9.382118723858989817e-01
9.255213484886526398e-01
9.251774471080604911e-01
9.259110883236478795e-01
9.194441273211473309e-01
9.110857150046489661e-01
9.044862372930242422e-01
8.986163861854472579e-01
8.920785032628639755e-01
8.837643827249417328e-01
8.770734015956982432e-01
8.775730370976682071e-01
8.775793691683215769e-01
8.652257921480406289e-01
8.517761939573968988e-01
8.518759358073257903e-01
8.508925934373983146e-01
8.356445942819599182e-01
8.263765281205026625e-01
8.349816150110238588e-01
8.373683744110724803e-01
8.225703901587551048e-01
8.107397251822958673e-01
8.114097639860922140e-01
8.170956388976193807e-01
8.237819125933221187e-01
8.314912828590852456e-01
8.379840437425323252e-01
8.399614582201966329e-01
8.390351812538427989e-01
8.386752659609446603e-01
8.389207546732513343e-01
8.388894119099963298e-01
8.389549448936191034e-01
8.392904115916821617e-01
8.385994148091810985e-01
8.374895164118527635e-01
8.409142455049034570e-01
8.486008379308123128e-01
8.519692169011006122e-01
8.508662205111485743e-01
8.545418680894414365e-01
8.622122167493821987e-01
8.653843525604418829e-01
8.641920163071701300e-01
8.634568295568112450e-01
8.638774070783921122e-01
8.643572351206112447e-01
8.638613801183288032e-01
8.625593988697493053e-01
8.647222389904900552e-01
8.719737115504597735e-01
8.772451227315860578e-01
8.770416872451443080e-01
8.765077410716344275e-01
8.770857533499811787e-01
8.743607892665705705e-01
8.672047344030815452e-01
8.581894922504194057e-01
8.518861522123057917e-01
8.527243425546897626e-01
8.523777189304333479e-01
8.397093673707007877e-01
8.265423319742399855e-01
8.266438395991446697e-01
8.256748918249694480e-01
8.114434244197470392e-01
8.003485868323723107e-01
8.017644948863655863e-01
7.988199337461718841e-01
7.844426120768210886e-01
7.718103518983840949e-01
7.659403313098263055e-01
7.607199130428052847e-01
7.537815528303111190e-01
7.464350291836181484e-01
7.399974313036432605e-01
7.350670672642347636e-01
7.274015870734051870e-01
7.130947912185021664e-01
7.012129758366629773e-01
7.002171840839945816e-01
7.011969095213601566e-01
6.956534317190230521e-01
6.863387728252683395e-01
6.782537884134203221e-01
6.771448418594083751e-01
6.840856186016073259e-01
6.936832511943027413e-01
7.005497332127599286e-01
7.005123907966726016e-01
6.998928795490766408e-01
7.106105261897368575e-01
7.250541529410683417e-01
7.283015020293881481e-01
7.264062634089394344e-01
7.307232836032548917e-01
7.397208164173556533e-01
7.482956350569651693e-01
7.513692081594665062e-01
7.493407791581145894e-01
7.546721080919802649e-01
7.697527341656511535e-01
7.783895449622864060e-01
7.769061928336806755e-01
7.780650360577177072e-01
7.857346396207605110e-01
7.951056385405497196e-01
8.010738613694785570e-01
8.000894885755140962e-01
8.007221613498474166e-01
8.132592622589924769e-01
8.265517856453541423e-01
8.279559791987212147e-01
8.265863239549695596e-01
8.320466349763204761e-01
8.413229184378889780e-01
8.493178286291829249e-01
8.511310785769505838e-01
8.493950811371338006e-01
8.568046473941957064e-01
8.719554402019140671e-01
8.789601343623347773e-01
8.770308711025034398e-01
8.764139325397464209e-01
8.767318431649260280e-01
8.724302083465116375e-01
8.643528929553434548e-01
8.560343188746735166e-01
8.512915435200441028e-01
8.516414630940436492e-01
8.508394376427463879e-01
8.445645025067118894e-01
8.366444886048598484e-01
8.299699331844343497e-01
8.238847896992167463e-01
8.173785311945604981e-01
8.095814576260398354e-01
8.026931107705395085e-01
8.011044058330916151e-01
8.017909952853174982e-01
7.976827335401279750e-01
7.898338532663253808e-01
7.826132165029953125e-01
7.764099545152347570e-01
7.702047621318184323e-01
7.629785272589972855e-01
7.551342991368170665e-01
7.510484402877684040e-01
7.517413137700761361e-01
7.501316731015750250e-01
7.432310442660789995e-01
7.354364752042961140e-01
7.289329779441489077e-01
7.228542570749314500e-01
7.161761292463790785e-01
7.082262575062241439e-01
7.019748913043593053e-01
7.012989945462937413e-01
7.015655477000484197e-01
6.963977549930331357e-01
6.885277087482853942e-01
6.818997032946350068e-01
6.751718701749684914e-01
6.676873236247746757e-01
6.631681358318020081e-01
6.631609353734879697e-01
6.642725406789213860e-01
6.643028585802062125e-01
6.633186165830242675e-01
6.631380928744937675e-01
6.668507997073258586e-01
6.742945938060467270e-01
6.828489873491374595e-01
6.886131505664978558e-01
6.885907214684977573e-01
6.888733053605509138e-01
6.956585096766316756e-01
7.017006607374840499e-01
7.011333910718402507e-01
7.023941728427818276e-01
7.099495843586047794e-01
7.145091988970149188e-01
7.133794493336738096e-01
7.163421686578552716e-01
7.241700306603124915e-01
7.269412896921498835e-01
7.258433536238098061e-01
7.305923874832953580e-01
7.380823403233651714e-01
7.391460909600913176e-01
7.386913842545392850e-01
7.449932053183401237e-01
7.515397450653851230e-01
7.512883989549037356e-01
7.520392432535198957e-01
7.593241617363326590e-01
7.645655553106429636e-01
7.637891224387074462e-01
7.653636133686185783e-01
7.724932657275114245e-01
7.798683106289965306e-01
7.861645780226445002e-01
7.941613756466920915e-01
8.008188139068777023e-01
8.002604780095041725e-01
8.004277711765641623e-01
8.129278723058936951e-01
8.262341788300491263e-01
8.263284462771340877e-01
8.270584452329701186e-01
8.408843498152072105e-01
8.527332268230720658e-01
8.524545053611873868e-01
8.522065526743620723e-01
8.590629243121048475e-01
8.673240992979707187e-01
8.738174208548625810e-01
8.796903376581195477e-01
8.863384322969116713e-01
8.947343407858121545e-01
9.010169177909217453e-01
9.000779419812185989e-01
9.007295501455341302e-01
9.137991124323101566e-01
9.265567949352726540e-01
9.260384805439796363e-01
9.275547425633161591e-01
9.421987109150991024e-01
9.524873127358364222e-01
9.504979088384761798e-01
9.551594741010671630e-01
9.707425582254349816e-01
9.776502478610107350e-01
9.753376965526570075e-01
9.831501996620011230e-01
9.984969860409360631e-01
1.003649144750531352e+00
1.001480290720288879e+00
1.004621080265535316e+00
1.013478236799193466e+00
1.023058178421968112e+00
1.026274394007156809e+00
1.019667297821245544e+00
1.013306659872915905e+00
1.013705579223935782e+00
1.013057921082575419e+00
1.006538984849268292e+00
9.976228647639238112e-01
9.904848462837807510e-01
9.888465330898290606e-01
9.896853960345501910e-01
9.848620787981885449e-01
9.773957260962018445e-01
9.761587740336794550e-01
9.767158387766807781e-01
9.707027985080243226e-01
9.638935467819820246e-01
9.635564647713139586e-01
9.636415487267817603e-01
9.580026662093179546e-01
9.492453826165729858e-01
9.414782282030491611e-01
9.387092298776478216e-01
9.397524993518557856e-01
9.362362135142543451e-01
9.284764385516390828e-01
9.259549412441563376e-01
9.269964347505672553e-01
9.220759715073587603e-01
9.146533932659861588e-01
9.137310364152244624e-01
9.140971448275876376e-01
9.076788933788437763e-01
9.012435581743762913e-01
9.015799150681831353e-01
9.007083817101095846e-01
8.933803002739906240e-01
8.882219823047983187e-01
8.889754532852345292e-01
8.875386281867454485e-01
8.805317654556161777e-01
8.720318088688361335e-01
8.654056095116053893e-01
8.627064484683910628e-01
8.634638705128376834e-01
8.653263376686719521e-01
8.644483631683299585e-01
8.578073392965859245e-01
8.514445379912207734e-01
8.514894081843826790e-01
8.510371988892142525e-01
8.442531695038515416e-01
8.380185029781535011e-01
8.375275427947295181e-01
8.397215416979264546e-01
8.405153412569856819e-01
8.360386886527038097e-01
8.284441571436333973e-01
8.259584645733832886e-01
8.269498862552566720e-01
8.225080673996529868e-01
8.149521467372780048e-01
8.122731169176260480e-01
8.137700413756858708e-01
8.152023520450550897e-01
8.137681183816698471e-01
8.080764500778885306e-01
8.001036847350981862e-01
7.925655326500176123e-01
7.881604806821238540e-01
7.879002068642557699e-01
7.897296174169206040e-01
7.903778916126602549e-01
7.856960021449928000e-01
7.781568158036251681e-01
7.759624795509487694e-01
7.768783458945929254e-01
7.722760494869935766e-01
7.647261888964420606e-01
7.616524019418871028e-01
7.638252764472608369e-01
7.695237552920797253e-01
7.771850554348702644e-01
7.848826313434213997e-01
7.894697737377067703e-01
7.896649334040366508e-01
7.886972044114717306e-01
7.886925342579254039e-01
7.891087564120835562e-01
7.891853765111669361e-01
7.883123995463161560e-01
7.881952212161471572e-01
7.921619390498180202e-01
7.996998296191399902e-01
8.078524424767670187e-01
8.136254045405186819e-01
8.148745173582487844e-01
8.138968775979791292e-01
8.136209629866999471e-01
8.139851046535020451e-01
8.142406889500477529e-01
8.136525389331350500e-01
8.129355805147586711e-01
8.154707595159467193e-01
8.222421476117354189e-01
8.305248466414019148e-01
8.373244308588538853e-01
8.399039353334167846e-01
8.392007165432540106e-01
8.386024401478828771e-01
8.388534442878168296e-01
8.392200524052486621e-01
8.389536581398198134e-01
8.379728192338824488e-01
8.391837111482756129e-01
8.449199992549889515e-01
8.530642356189066522e-01
8.606219937743551096e-01
8.646331488160019507e-01
8.645399249907508299e-01
8.636614129870927581e-01
8.637321726421398616e-01
8.641426037368860058e-01
8.641442549335585088e-01
8.632068748538717085e-01
8.633692376434933813e-01
8.678126412349573826e-01
8.755506395507535178e-01
8.836030835591022203e-01
8.889614509898768890e-01
8.897956837345732950e-01
8.888264708210766862e-01
8.887120355805731009e-01
8.889642027913160494e-01
8.889693700671710275e-01
8.889063832728365533e-01
8.889108258604099255e-01
8.889259544611229913e-01
8.889234777908163743e-01
8.889199196681765169e-01
8.889208567986259801e-01
8.889219741878999770e-01
8.889215501744098802e-01
8.889199907894913544e-01
8.889210882494054111e-01
8.889263604282140463e-01
8.889201842668259523e-01
8.889015873051642203e-01
8.889342184007889003e-01
8.889960331159960649e-01
8.888376165665401452e-01
8.886498909580906602e-01
8.893719186715922653e-01
8.898572844711418739e-01
8.864468223822772330e-01
8.792067101085669911e-01
8.716276917245719957e-01
8.652393296298455105e-01
8.598368855135534172e-01
8.525949523841813704e-01
8.404638080801254407e-01
8.264462506967471533e-01
8.139671571671673878e-01
7.994896730188971734e-01
7.800400987253599538e-01
7.592152417470201531e-01
7.395453485819460937e-01
7.190622073593746499e-01
6.983354225169338125e-01
6.823076412858893880e-01
6.699210854668822268e-01
6.535944747878578154e-01
6.327721079625305833e-01
6.123883932212875747e-01
5.926900494619486981e-01
5.717491613925399507e-01
5.525346900578725906e-01
5.385700803504629430e-01
5.257202315315756547e-01
5.105972184483984488e-01
5.004874568522809097e-01
5.000000000000000000e-01
5.015510890286930534e-01
5.008856877019960407e-01
5.028571202397582596e-01
5.096430555788566963e-01
5.186404465560097155e-01
5.255345910425437417e-01
5.255235843773331528e-01
5.249721974289638382e-01
5.358602550167876899e-01
5.502237185529483821e-01
5.532759392335713233e-01
5.514125034926231628e-01
5.558501985496173692e-01
5.648841780756757025e-01
5.734080820493179242e-01
5.763506652916188244e-01
5.743305541740073572e-01
5.798843459163869341e-01
5.950021245133226833e-01
6.034143355373893236e-01
6.018639332163127076e-01
6.031635763029883357e-01
6.109066301585128755e-01
6.202010191898005287e-01
6.260817363021875526e-01
6.252543782080118850e-01
6.258891043763314954e-01
6.376754467998169140e-01
6.517790217296091093e-01
6.583748635510131564e-01
6.654932283745491617e-01
6.793711394727569575e-01
6.913561142017334848e-01
6.972507189798053950e-01
7.053408248138350878e-01
7.190319132995515172e-01
7.334186678653147329e-01
7.464804036787653363e-01
7.595808048864722828e-01
7.729292834746852581e-01
7.859251187553450979e-01
7.993074578862540136e-01
8.138668826706845216e-01
8.261243802857192176e-01
8.329075888206249889e-01
8.396894248808828287e-01
8.518444550054402598e-01
8.670452164989876920e-01
8.814760508223780100e-01
8.913915239814342861e-01
8.972358131344895238e-01
9.060365953220967938e-01
9.198238400490441613e-01
9.341454985721282522e-01
9.472173995108512656e-01
9.599295496650945836e-01
9.733430134030067737e-01
9.880429044547365258e-01
1.000522153479970644e+00
1.007173316619230707e+00
1.014111790223740428e+00
1.027363399911698894e+00
1.040315496488191549e+00
1.047295705423818335e+00
1.053125199750871266e+00
1.060520928718814426e+00
1.064856612832932869e+00
1.064583343007436955e+00
1.063582939803726868e+00
1.063706385467029891e+00
1.064251984076018953e+00
1.064201933732684902e+00
1.062800901733084835e+00
1.063286155525187349e+00
1.069661534760329102e+00
1.076265822293804408e+00
1.076402437317607097e+00
1.076659334236701682e+00
1.083369941513254497e+00
1.089624005133969176e+00
1.089988145533160591e+00
1.088649987039201239e+00
1.088681475176673130e+00
1.089010601827754110e+00
1.088973775892557283e+00
1.088890718266157354e+00
1.088905752289406337e+00
1.088948044339659083e+00
1.088938933188412284e+00
1.088835699989717076e+00
1.088888228575842110e+00
1.089269292636375175e+00
1.088916748979757543e+00
1.087529781005881713e+00
1.089522380877408381e+00
1.096928355204655148e+00
1.101899142916366037e+00
1.101010659743777209e+00
1.103056155994598608e+00
1.110611039869485506e+00
1.115221355968373018e+00
1.114541678521330237e+00
1.113549364600898484e+00
1.113811480889713934e+00
1.114002810717602987e+00
1.113925016534865975e+00
1.113988233709756415e+00
1.113940128237350002e+00
1.113542942082895948e+00
1.113995051530716429e+00
1.115438710680808798e+00
1.112972817245643009e+00
1.105141780545857211e+00
1.101311574442298102e+00
1.103273192152294246e+00
1.097109482385760337e+00
1.081844864394200245e+00
1.074383904113570987e+00
1.076206716903190141e+00
1.074001958214263031e+00
1.066004948309144940e+00
1.058319947976190889e+00
1.052167123624353051e+00
1.046196518292084487e+00
1.039014757925625032e+00
1.030569110086414053e+00
1.026385143514863207e+00
1.028442735060688618e+00
1.024196266960529567e+00
1.009036952971635426e+00
1.000291482416333588e+00
1.002447244093425782e+00
9.967766992283557670e-01
9.813376097815045274e-01
9.741897781476898110e-01
9.761728633498043539e-01
9.740428735996231602e-01
9.657991890635999610e-01
9.565460255149496049e-01
9.514875902890322923e-01
9.532093062850197640e-01
9.510808041113725242e-01
9.368765183970526600e-01
9.256678619779639128e-01
9.270726349421205548e-01
9.240070732509750862e-01
9.090200005889683688e-01
8.994780444702483724e-01
9.008768430892066803e-01
8.997845106128639081e-01
8.921659256529976822e-01
8.842114766859157093e-01
8.779374343436336936e-01
8.720188944583386892e-01
8.650781762323644930e-01
8.566123353628354309e-01
8.514500314372019929e-01
8.531098142659778727e-01
8.506432052018584322e-01
8.364702685667120274e-01
8.252239081223018413e-01
8.257704578432025766e-01
8.252485699128455643e-01
8.177067972137848084e-01
8.125373782169664771e-01
8.131394968396228329e-01
8.144772569787601668e-01
8.142545871695880955e-01
8.130985447505649777e-01
8.133689054411212815e-01
8.179345860836935156e-01
8.256549045575014567e-01
8.335836433910464027e-01
8.390033003167327585e-01
8.401649309704122270e-01
8.386291179371885285e-01
8.372726833285990544e-01
8.403766402550383319e-01
8.480110079213081242e-01
8.519701248910418467e-01
8.509027254096217519e-01
8.538984831339104797e-01
8.615584055457676804e-01
8.655095778193344636e-01
8.644909943711347466e-01
8.627795026539888390e-01
8.634447583372959478e-01
8.683243571615872902e-01
8.760763912799416353e-01
8.840213604898574662e-01
8.891391942847677310e-01
8.897546174341663949e-01
8.887885752235094028e-01
8.887260785678905428e-01
8.889719466686012428e-01
8.889650154919446212e-01
8.889049028853763801e-01
8.889120962326226838e-01
8.889261938241836969e-01
8.889231066764284872e-01
8.889199522041186796e-01
8.889210177311985817e-01
8.889216835517048665e-01
8.889213539321187962e-01
8.889212262111592100e-01
8.889213188336007043e-01
8.889213318704027866e-01
8.889213200579038077e-01
8.889213500852219951e-01
8.889212856302655119e-01
8.889211801510257249e-01
8.889215120730642461e-01
8.889218109165066828e-01
8.889203325059054084e-01
8.889196772363137100e-01
8.889259390890160706e-01
8.889262837423368424e-01
8.889008371929953967e-01
8.889088279559991257e-01
8.890081545351486980e-01
8.889383464918181321e-01
8.885670089244399605e-01
8.889965316847943111e-01
8.903156858927601114e-01
8.880189759614154354e-01
8.805814132298888097e-01
8.757834606200287642e-01
8.765177340701628683e-01
8.750478270595318797e-01
8.680895806926534064e-01
8.593203982145194431e-01
8.526171815690435363e-01
8.511323813440379027e-01
8.517677594083716830e-01
8.479700847200646319e-01
8.400030752912015508e-01
8.315788655409754870e-01
8.264339736614356724e-01
8.264710535167343330e-01
8.261361159688296318e-01
8.204996190190791960e-01
8.118851873461907509e-01
8.040898251693571197e-01
8.011850952254084834e-01
8.022119653227659519e-01
7.988957627654771354e-01
7.911751858463804687e-01
7.881434558142668134e-01
7.891650857110958928e-01
7.860114204989661069e-01
7.781055378525123523e-01
7.695398253085701246e-01
7.640954423397492423e-01
7.639145243612210923e-01
7.638139149772489311e-01
7.584701261225250679e-01
7.499901405245619213e-01
7.421121554194298753e-01
7.385565229492083716e-01
7.392645936246817762e-01
7.375051003283081830e-01
7.306020489752884650e-01
7.221128951563204890e-01
7.154018994666071496e-01
7.129646925445944916e-01
7.136774501385372282e-01
7.141807705144171958e-01
7.139546884703829033e-01
7.138521311377004075e-01
7.139199645233280656e-01
7.139453330576652768e-01
7.139175368444705683e-01
7.138896340404632390e-01
7.139434748168138611e-01
7.140256441151200395e-01
7.137909169754075300e-01
7.135503878201938655e-01
7.145994246066900146e-01
7.151777026379813051e-01
7.103526333565817197e-01
7.028579033570032664e-01
7.010492908456147365e-01
7.018594702278497799e-01
6.966635929847022624e-01
6.893421208629542107e-01
6.875529408821166033e-01
6.889567406880592326e-01
6.892598518239643202e-01
6.888797487824989130e-01
6.888392614291375393e-01
6.889405272011184245e-01
6.889455030626636667e-01
6.889065993771057439e-01
6.888968989208839044e-01
6.889665904670239094e-01
6.889892519807634397e-01
6.887194519448305297e-01
6.887227097450865365e-01
6.898062670811582198e-01
6.893940445905231140e-01
6.840573986594735700e-01
6.766573185445844407e-01
6.725570422417421756e-01
6.772599747134806503e-01
6.917203603998256511e-01
7.025192074757373728e-01
7.021184654634313738e-01
7.024031759135718200e-01
7.095562309336873597e-01
7.163586147823652883e-01
7.220179829668591509e-01
7.342553922274184242e-01
7.487366862048281391e-01
7.518030756871736386e-01
7.503391389715554638e-01
7.614027738352551200e-01
7.756522749872776235e-01
7.765332747211404207e-01
7.765241152228254951e-01
7.901463910685142533e-01
8.021202890174914391e-01
8.008140045834049037e-01
8.036675600223375238e-01
8.189070466227930112e-01
8.276176272062516492e-01
8.253003826026124035e-01
8.316582234733171930e-01
8.472969593709984704e-01
8.524141939045464245e-01
8.503091853414408430e-01
8.601875404065659758e-01
8.750135112424586303e-01
8.768931111419255853e-01
8.761308166478443127e-01
8.885813000954490004e-01
9.019220309702116189e-01
9.028428678591993162e-01
9.017446617141988696e-01
9.078575394726171588e-01
9.163050769471112744e-01
9.230256146646693693e-01
9.287840516093492926e-01
9.351627799524944162e-01
9.438910368061694811e-01
9.510065997498300394e-01
9.483290374713539972e-01
9.402159224342687693e-01
9.379322393021851667e-01
9.390047490132249486e-01
9.341211185592372956e-01
