9.243331960687979354e-01 8.445404550483288642e-01 6.048246446518396047e-01 4.251107112755710404e-01 6.664680444373502054e-04
2.254374158815612983e+00 2.723743845444717149e+00 1.912066093486867180e+00 5.883619524376226817e-01 6.808056216625789858e+00
6.494267247863034775e-01 4.502459678040112712e-01 1.824430324503729106e-01 2.741049128286575098e-01 1.027431410601811201e-01
6.495004491673146418e-01 4.453038051935659380e-01 3.097621646393063921e-01 3.326091193306134342e-01 3.406002275086419395e-01
6.495269584007197228e-01 4.365597025303261658e-01 1.368299010791114156e+00 5.515342185462668301e-01 1.001836941146908657e+03
6.495429115616704330e-01 4.354751122949878095e-01 3.034530231636742847e+00 6.278281606195146303e-01 1.760794014672249497e-01
6.495438863504698901e-01 4.354085240308064875e-01 3.724212835832726665e+00 6.334861732823846570e-01 3.628200226317081611e+00
9.242860459255102246e-01 8.749212934387315954e-01 1.208035055926404422e-01 2.372016422805676150e-01 7.183785226138457801e+03
5.205921938088829748e+00 8.158104610157890235e+00 4.274312545697248389e+00 5.300716658180496310e+00 1.731119536972051565e+00
1.886922469807966074e+00 1.153121643319383050e-01 8.628383606831457886e-02 2.105834277168187330e-01 3.798162602466041982e-01
3.205921938088829748e+00 6.370435325578785779e+00 6.718928712038094719e-01 8.592088001037599676e-02 6.519259897785477875e+00
6.495461916400713243e-01 4.353814809104059602e-01 4.647793300936326588e+00 6.358373903275158501e-01 2.561208931028481350e-01
2.520799305522669620e+00 4.717959228634662772e-01 -3.545581204041662993e+00 3.755731269628969082e-01 -2.260761487970662786e-01
1.888063355756899986e+00 1.000166805080903304e-01 3.603376116502033710e+00 6.372508053848886522e-01 3.810271046742856604e-02
1.888155386951804626e+00 9.546907951687702565e-02 1.773558335576247980e-01 2.697647676749969081e-01 1.211403066264007088e-03
5.205921938088829748e+00 8.783021829595581309e+00 9.550454366961729225e-01 3.676536129886870174e+00 8.334299301378688796e+00
1.877898703758697607e+00 1.342126718423824472e-01 3.884462327721530883e+00 6.295628617533723936e-01 6.678037952993420845e-02
1.887402162284572027e+00 1.057571324410542801e-01 5.485147789525766981e+00 6.264416986198313442e-01 8.102418467414831582e+01
6.494929021157463955e-01 4.794447512530257693e-01 1.934849861236036944e-02 1.369545861044522139e-01 5.412612241675718687e+05
6.496052383458496005e-01 4.374600044991300285e-01 1.002738779226673094e+00 5.044543151079698973e-01 5.538427234180159919e-03
6.495443347203408990e-01 4.353779348384685943e-01 4.972094954184403726e+00 6.361324509752064316e-01 3.231505319675395116e-01
1.884832142507900876e+00 1.248104126837817629e-01 1.248774688841949865e-01 2.387194031518599657e-01 4.496522955737294325e+01
3.205921940902814349e+00 6.001554386694069265e+00 3.561587555760695883e-02 9.341785413979447616e-02 1.750669532325762889e-01
6.495207164150744727e-01 4.380459112532496535e-01 8.749171689758110659e-01 4.828816801498061473e-01 1.122346547995028889e-03
1.460236301318394325e+00 1.522366101005610206e+00 7.148205850214753632e+00 6.364715487066544553e-01 1.208193524009837994e+01
6.498091798385825513e-01 5.051900404204736628e-01 1.923027349033798288e-03 8.309045086450185524e-02 4.685878806229022003e-04
1.887118251531494151e+00 1.247885059331937246e-01 1.056497599505704099e-02 1.174053311539327432e-01 1.453863285371525538e-01
6.495405671400654724e-01 4.356386981417000870e-01 2.393091596985399860e+00 6.144935476877182445e-01 2.016583985207451857e-01
3.205921938088829748e+00 6.121726136500820203e+00 7.571271335783068268e-02 1.022657521519696466e-01 6.681937486215579369e+00
6.495339856925943511e-01 4.360826279710154352e-01 1.718772502375718103e+00 5.818606778326553819e-01 1.584280229729713696e+01
1.877904972073588752e+00 1.342151020598010280e-01 2.919727552021089245e+00 6.218916351872167958e-01 9.951151735681253996e-01
1.885192061950610398e+00 1.342151020579375187e-01 1.952275243351115491e-02 1.367646729923386872e-01 9.439564567011170526e-01
1.461976889288531867e+00 -3.768178153946435849e+00 1.109611670120136750e+01 1.244529761995156303e+00 5.158924514737982525e-01
6.494671489502358286e-01 4.560837246535688339e-01 1.116638029992926551e-01 2.310003106241432236e-01 8.341421051560709817e-04
6.495409468181838619e-01 4.356089287987418013e-01 2.473784574316652662e+00 6.168630326789269480e-01 8.158108788963981672e-03
1.460236216818540100e+00 1.522488366894704903e+00 3.751512204273888873e+00 6.335184955827386499e-01 5.900967281080204963e-02
9.722808107849908454e-01 2.722891654485737889e-01 1.266893631870254389e+00 5.404030689307711688e-01 3.618545540349333578e+02
9.738731524950838825e-01 2.747417851936366784e-01 1.153608375218893589e-01 2.336565126468643783e-01 2.811063924059269969e-01
1.460236231313901234e+00 1.522467403599302216e+00 3.872700287429001076e+00 6.340220751126075527e-01 2.631555402636325312e+02
6.494934540466830164e-01 4.638395850440686363e-01 6.137028164345223469e-02 1.901178634916765864e-01 7.707946232239992241e+03
6.494846833444849477e-01 4.390309339034515479e-01 7.320623936495929129e-01 4.547082808436457846e-01 1.880306309162737069e-03
6.495033338746321050e-01 4.626891688468490749e-01 6.735972891439442889e-02 1.957055403216994560e-01 9.157859383770450279e-04
1.460236278332845083e+00 1.522402964872540121e+00 4.516932951272384145e+00 6.355771625499965216e-01 1.895711564036043628e-01
3.205921938088990952e+00 5.926569187301166330e+00 7.958081563287910942e-02 1.305523824529433441e-01 3.146836524734456519e-01
1.460186198434371585e+00 1.788046180877180147e+00 5.739113209797910495e-03 1.029780165932388664e-01 1.460568444263110333e-01
3.205921938091981005e+00 5.898424962812097938e+00 5.903826862560895145e-02 1.215891434651515113e-01 3.729577726864378162e-01
1.460236299901625179e+00 1.522368152051424284e+00 6.206532240824286006e+00 6.364216902328978520e-01 2.655840635879078704e+00
1.460234179263335985e+00 1.525398150647893747e+00 1.602169931271648418e+00 5.729321211061478847e-01 1.249811896247189358e+00
6.495446404644777960e-01 4.353778213561637078e-01 4.980859042681829330e+00 6.361384812059686089e-01 4.183598167054490280e-01
6.494957300607019368e-01 4.783401961398269231e-01 2.113529267442866566e-02 1.401612386350330475e-01 1.057474105787803084e-03
6.495443859423116750e-01 4.353744399688392885e-01 5.701544022687886404e+00 6.364367211439299066e-01 1.035170095812810942e+00
6.495443841868564494e-01 4.353745597538345447e-01 5.656503522033354159e+00 6.364262858358444852e-01 1.215668758442516584e+01
1.460203896312844751e+00 1.639283336846486971e+00 5.093234753471502507e-02 1.795571782003504424e-01 2.278691163701432598e-01
6.495081022032688223e-01 4.447806416565622811e-01 3.296737287633185742e-01 3.403424084115904691e-01 3.170362939998877527e-01
2.254374170038350833e+00 2.965081159727479321e+00 2.780033431691775886e-02 1.506318799672634601e-01 1.809863745771430055e-01
6.501282464828912477e-01 4.820592753213627790e-01 1.557999105826091829e-02 1.295677830339184156e-01 1.049786857941459317e-01
5.205921938088829748e+00 8.640655663463114422e+00 5.980363147919710853e-02 9.947779776317170475e-01 1.491077129367971987e-01
6.495045530403382728e-01 4.534725117182897280e-01 1.362880133447802178e-01 2.472756500774517807e-01 1.279546789352336054e+04
9.242873462664378259e-01 8.826000956482720206e-01 8.968287935933286215e-02 2.146515484425107756e-01 7.484051991545768033e+03
6.494446956833128670e-01 4.690216250250413554e-01 4.166942665101863036e-02 1.691571092582029312e-01 3.694442933485815594e-04
2.254374159192780169e+00 2.783228217809381899e+00 2.427108892960886943e-01 3.026228153588521597e-01 2.435915917500323935e-01
3.205921938089218326e+00 6.385170347995236639e+00 4.044450702508561868e-01 7.842125745877118193e-02 8.476668541711352978e-01
1.882814491376711974e+00 1.248104126607963160e-01 2.585006434338384729e+00 6.141577564444740123e-01 1.701930417151548414e-01
9.722207073532955768e-01 2.721875883358904069e-01 1.669892369077766503e+00 5.784390782794881503e-01 6.483557654365275084e+03
6.494963851392556720e-01 4.781279411385481737e-01 2.149286016507696850e-02 1.407830016847117505e-01 5.333191466499986291e+02
6.495438341377259839e-01 4.354120852417411869e-01 3.662468849550271965e+00 6.331800451075957348e-01 4.130859172742561147e-02
6.494487749553683464e-01 4.487397914562760159e-01 2.124835080829087786e-01 2.896527851921608665e-01 2.538320480037326888e+03
1.460236029217325981e+00 1.522759372337198602e+00 2.988087855603918097e+00 6.271081657065864512e-01 1.588811360703740530e-02
9.726746097600746932e-01 2.729094548874183013e-01 4.921673648675588542e-01 3.947809377083120186e-01 1.531734387680765419e+00
1.460225837282933536e+00 1.560834723304661331e+00 2.598662824112298875e-01 3.117095100759283977e-01 2.014294712947340486e+03
1.460218063182590509e+00 1.583148833985253079e+00 1.467212518746999206e-01 2.537507832085575399e-01 1.642453284193511054e-02
6.494227122102502747e-01 4.422191264711242131e-01 4.592590068156420791e-01 3.845036668634372878e-01 6.656409087660261625e-02
6.495072838816416949e-01 4.754767509493294519e-01 2.637245631596838585e-02 1.487084057047633467e-01 2.731569166092708912e-04
6.495435510198706019e-01 4.354313996295333666e-01 3.401590832130436670e+00 6.315267616343996915e-01 1.347169426594350341e+02
9.733716113474598641e-01 2.738621400316253451e-01 1.993846926173645784e-01 2.831863578419904215e-01 7.367911928844790737e+01
6.495442841875236351e-01 4.353813985854082524e-01 4.641994978275817196e+00 6.358312811045518931e-01 2.714618295636335166e-01
3.205921938088829748e+00 6.307528502113481927e+00 1.050395198180789968e+00 1.151017932595588961e-01 2.552642976999888624e+00
5.205921938088829748e+00 8.684049023947354229e+00 4.589271385624498656e+00 4.376869280093593773e+00 3.719604363322302820e+00
6.494275613538571523e-01 4.419731046767374494e-01 4.741310503480633542e-01 3.890564033181416193e-01 1.066271306164328053e+03
6.494467316055227979e-01 4.488752504979453550e-01 2.095368677372093091e-01 2.881857854504310534e-01 1.055578504926288873e-03
9.735888503078788947e-01 2.741766377277184419e-01 1.583539995439128267e-01 2.608090793123286621e-01 5.110589886926399095e-04
6.494706363649396241e-01 4.558411121521609433e-01 1.137394940484933031e-01 2.324456348833485175e-01 7.239615720494123607e-01
1.885409137332503038e+00 1.248104126667848729e-01 7.327084900485317243e-02 2.000218003882063278e-01 1.600909748001332344e+00
9.721473961247183437e-01 2.720617084266043206e-01 5.319866690992698821e+00 6.365497403952046218e-01 5.390319365676780050e-01
9.242930796548327610e-01 8.891275931873898752e-01 7.175088275465618670e-02 1.997076291313011898e-01 1.522494573110297622e-01
1.888158682690280088e+00 9.616235748379398096e-02 8.836258767470281383e-02 2.115109816870091586e-01 7.640144640995759850e+00
6.495435450472496486e-01 4.354318092077585911e-01 3.397030131918773233e+00 6.314918294861853187e-01 1.947413356453220334e-01
6.494805853751490776e-01 4.468694176421333930e-01 2.593146184012108391e-01 3.115355095066214552e-01 1.720392821309927045e-01
3.205921938088829748e+00 5.538302593152549136e+00 4.362910368837673303e-02 1.413131336268922122e-01 8.787137898875140962e+00
6.495407910785269134e-01 4.356195401179707161e-01 2.443945597588703222e+00 6.160157048300560767e-01 9.093681172763707465e+00
1.886606271193950635e+00 1.153154153888066719e-01 1.651964595113454004e-01 2.628462049165565251e-01 8.751280708152686216e+00
9.725161965484231397e-01 2.726682844356103086e-01 6.628261863927936703e-01 4.393748737716396402e-01 2.411436809419515229e-03
1.524588154844490173e+00 -1.022931881106186935e+00 1.729558352905206320e+00 1.185247970109732651e-01 1.738524149491942616e-01
6.494903061704496716e-01 4.544628889949118289e-01 1.263273818666748594e-01 2.409094912292364388e-01 1.040274124037531001e-03
6.494043357504459824e-01 4.606634548905358395e-01 7.896537220188729056e-02 2.058873478888780806e-01 3.166576029985505025e-01
6.494362264102686577e-01 4.495855187386609275e-01 1.949095475161045643e-01 2.807222113354662651e-01 5.805611614985578539e-04
6.496647877212295974e-01 4.505780070610185262e-01 1.760532742674969231e-01 2.706345251280924402e-01 4.259977128979074894e-04
9.242850677478310351e-01 8.831034760346139212e-01 8.799126753535649326e-02 2.133083429854460977e-01 2.500011293829564885e-01
6.494636888415081799e-01 4.563261952622369444e-01 1.096288261607952230e-01 2.295686328946759669e-01 1.128747266083305476e+03
1.885823370072795990e+00 1.153154153887956390e-01 4.140774798259713840e+00 6.270183247667979742e-01 3.822629329225145867e+00
