9.644392969356012368e-02 1.751371209184180062e-04 4.913345685926662210e-01 1.205908822358512600e+00 7.377985407555665009e-01 -1.365739499236243507e-02 7.014866254531377763e+02 -6.107094668234656076e+00 2.410329248700440630e+00
9.558028100354348799e-02 3.943098499270178935e-04 5.203813577194789097e-01 9.952996636240687423e-01 7.874680929960919951e-01 9.565666180839390784e-03 5.133727028969515231e+02 -7.008035017894657770e+00 1.821541347776515440e+00
8.510715868687952768e-02 2.927720349456083729e-04 6.960269713330902164e-01 8.212657683153320454e-01 1.018127604675010289e+00 5.482434267599381461e-02 2.241018368648092746e+03 -9.536703982624016307e-01 9.392439035070976328e-01
9.642111348235112012e-02 2.761046882149976837e-04 4.911255350848040546e-01 1.806511679999617537e-01 7.480640008983865386e-01 -1.687654386130405231e-03 8.637757875376226480e+01 -1.702356941868258811e-01 2.546957254806130333e-01
2.982586260245607135e-01 6.158253256693672537e-05 1.457907063478636189e-01 6.266289777615201562e-01 1.471326904624145726e+00 1.599350133200549626e-02 1.396619454674948031e+02 1.298982510338218432e+00 1.553929670884451539e-02
7.182202645777118200e-01 1.351797524407015710e-04 6.846027344903995449e-01 2.089580957429956420e+00 2.558537512149024473e-01 7.746790632757982438e-04 9.269513196865292457e+02 -2.574064463793808155e-01 2.335312443265423532e+00
9.609473875158656975e-02 1.293147809668418707e-04 4.885650037782842681e-01 7.956285043751664121e-01 7.601141595246452276e-01 1.581649323967732057e-03 5.492615328138051609e+02 -2.726317066467740524e+00 1.440838084234498773e+00
9.640613206519578482e-02 7.859452229574065765e-04 5.189206361776139698e-01 8.243396624665003669e-01 7.478412546380197590e-01 -1.023303596924635996e-02 2.763272388614349211e+02 -9.135788001900188249e+00 1.687245328568663938e+00
9.709907843098544711e-02 9.468159387652640998e-06 4.528332068452471937e-01 6.740203172213443672e-01 7.020988927431128790e-01 -1.744350088090057538e-02 1.037083970439745599e+03 -6.710248530478752915e-01 1.075810048153466703e+00
9.590399025379033049e-02 1.458601921450087283e-05 4.917105076682822817e-01 2.336497661424974392e+00 7.626308992685404409e-01 -4.530764543674022961e-03 4.719819119689872423e+03 2.350564278649094896e-02 2.410851191017687967e+00
1.070033655043319404e-01 4.416959164106932395e-05 4.301701894838864115e-01 1.013424503184997827e-01 7.353269040524372802e-01 -1.051113216544078788e-04 7.104425247092747497e+01 -2.299161526862367744e+00 3.356640331786372444e-01
9.903579845227281075e-02 4.830861706464120698e-04 4.715590257097135307e-01 2.173594936371300967e+00 7.556082854341439337e-01 -1.303951484359859754e-03 7.284446898959814689e+02 -1.627718728925616887e+01 5.529796931893558032e+00
9.743293063669239418e-02 6.965242765134629119e-05 4.682377952427961842e-01 7.921560717404217966e-01 7.425155438438706401e-01 -1.514095688636548634e-03 6.043862728501264883e+02 -2.471342434403775545e+00 1.542501784868851589e+00
9.905132828234264331e-02 6.783018403468776380e-05 4.542694889616122333e-01 6.407805612697050623e-01 7.429339252880864386e-01 8.385481633267109834e-05 4.469953278959180238e+02 -1.228645647460449197e+01 1.755047695032033950e+00
6.136721418144310825e-01 4.818914140995486759e-05 1.361578586176744876e-01 1.286644447055634632e+00 1.323278032646155067e+00 2.179858418901957189e-03 2.749644314498522704e+02 -4.549694168291395613e+01 1.146756744677333728e+02
9.615564020046640792e-02 2.988556105714482158e-04 4.919235814350056968e-01 5.922288972859834910e-01 7.595735624510977502e-01 -4.478730972667852831e-04 2.820037655281245748e+02 -5.280440571439347863e+00 1.262363014879236189e+00
2.505528085021174189e-01 4.041262609615490684e-05 6.349026892368918318e-02 5.296972445284110265e+00 7.495601556827610201e-01 5.141841256396505883e-03 5.812223688480116834e+02 1.062268367789793189e+01 3.814965758179862387e-01
8.465478068110644794e-02 6.849444514326272215e-04 7.459437748161954485e-01 1.238380954969963366e+00 9.772177398675796489e-01 3.984610560442142235e-02 2.610573206505750932e+03 -2.981427719266066534e-01 1.175034640341946712e+00
1.079356033358828820e-01 7.613951596713180482e-04 4.499502840635258849e-01 6.091832061771642604e-01 7.562008432403086733e-01 -1.048296706066783918e-04 1.517273824399341322e+02 -1.546610013852595067e+01 2.285558932375228114e+00
9.339097261418204121e-02 3.735781528555025136e-04 6.148813249664424330e-01 8.078492090385498425e-01 8.354455044234037064e-01 4.125869311396015635e-04 9.238450287090495294e+02 -3.761315497641053440e-01 8.073908911492650997e-01
9.676614591617159478e-02 1.206646060710468466e-04 4.741784299694331573e-01 7.763502071681950278e-01 7.371780559485514583e-01 -6.958530241808106621e-03 4.814451552728830848e+02 -5.455880771627102277e+00 1.754203277998831911e+00
9.600757122111737429e-02 3.083961454597984012e-05 4.781387726983058473e-01 6.094990194192229094e-01 7.466591862522332645e-01 -1.325360281547469619e-03 7.496216257628374251e+02 -5.464407587249223042e+00 1.296594796181531173e+00
5.463258356103273261e-01 3.708765438152140156e-04 4.812264477373912747e-02 2.749802313026278533e+00 7.590560006793219960e-01 1.064155199590998968e-01 4.504421568568407110e+02 1.195405583134251657e+02 4.340175063417910906e+01
9.925293572963336808e-02 1.190152352619814572e-04 4.385214372124520699e-01 6.074428753182743446e-01 6.872885876626291246e-01 -2.024515128491929938e-02 2.674688308340575986e+02 -1.689049919547866807e+01 2.548406469169816724e+00
3.446437736433345944e-01 4.431519316207015461e-08 8.631591274633132471e-02 2.097861786606017631e+00 1.200032143837418186e+00 3.024422093728263566e-03 7.908211503581406987e+02 5.307397331256643369e+00 3.135425759156540981e-01
9.840484244544704662e-02 4.180461665024891391e-04 4.833918228758673497e-01 2.947711369000655113e-01 7.626203644492570710e-01 1.227991924939666701e-05 1.129068517940976051e+02 -1.186893216424896313e-01 3.857488631610417884e-01
9.741225571379331927e-02 1.336561370686725495e-05 4.439163954475608964e-01 7.267843040579848868e-01 6.898138160516142925e-01 -2.124886824014609113e-02 8.602965652575951481e+02 -1.562654154383350402e+01 2.284178390625284827e+00
9.735914862778026480e-02 1.168363629283394309e-04 4.708010075108757242e-01 3.800089175995051693e-01 7.135597102016482118e-01 -1.034130305926031328e-02 2.209878233911829852e+02 4.365792580966455783e-02 4.230937490494465769e-01
9.835676974884106916e-02 1.160712065656759620e-04 4.648014194405327704e-01 8.027534508962071158e-02 7.505234241204039591e-01 2.014462897055525523e-04 4.821107430443287001e+01 -1.439261509166789743e+00 2.039519988856975108e-01
9.755083402900127654e-02 8.780769447887034761e-05 4.678835683018314207e-01 6.473030483539279345e-01 7.451710917222139630e-01 -3.291297114914706109e-05 4.462475401432468516e+02 -1.122867541705167405e+01 1.585163114221686209e+00
9.576617819359846406e-02 3.887779663928386722e-04 5.077814116953662804e-01 7.498135211094638652e-01 7.748479894438423665e-01 1.914362632204114111e-04 3.531970197898730817e+02 -4.295600483912481726e-01 9.270035411246339008e-01
1.049346210512784039e-01 4.571561039480599088e-06 4.270342619977984810e-01 2.996713791211812472e-01 7.311401419274794478e-01 -9.635559000930955971e-04 5.226487679797069177e+02 -2.791982923172136033e+00 9.104361793485291621e-01
9.604595000987148357e-02 2.892489783772534328e-04 5.154140363203099096e-01 1.202665440422028942e+00 7.663677088621829725e-01 1.153107487736094463e-04 6.722434332350217119e+02 -5.202928063116774027e+00 2.117733220276628359e+00
9.847029327036627144e-02 6.253312959902816012e-06 4.425726450368713261e-01 6.396426284799850981e-01 7.152908372250157409e-01 -7.682392856019332368e-03 1.091348785872326062e+03 -1.303636932225792222e+01 1.881246283867457958e+00
8.675882600599122974e-01 1.889514955774670578e-04 6.221283458507886888e-01 1.983611081926607511e+00 3.423157956869099516e-01 8.170324202708102116e-04 6.053813286391614383e+02 -8.150101217563609168e+00 6.856033874459678046e+00
9.851332560377920600e-02 5.296099994394002221e-05 4.610766486140037701e-01 6.989840116423682304e-01 7.530424742953085726e-01 2.456115506750376938e-03 5.868291988187263541e+02 -3.175705759765262037e+00 1.512895048033807921e+00
9.554560909945293556e-02 6.562981251848044005e-05 4.962573857298389068e-01 9.219563972717652600e-01 7.734939885338099064e-01 7.276746216481911125e-03 9.586088830100303539e+02 -2.600658766495791863e+00 1.520132655865806148e+00
9.576744499865727511e-02 1.416151191511095977e-04 5.051216224189145620e-01 3.020070961411407962e-01 7.720510659617723093e-01 1.854580739043282505e-03 2.285432428245033520e+02 -2.719062513837189776e+00 5.787924166387665714e-01
9.344416061699543918e-02 6.637081803539090420e-06 5.408164831610693390e-01 2.608340281177495834e-01 8.261231890354326923e-01 3.148888026521458935e-03 1.401975283695002418e+03 1.421674188404811745e-01 1.931378069355552951e-01
9.694966199883825464e-02 9.765719998502389240e-05 4.766508831952833702e-01 2.194897074405639081e+00 7.494218476679921359e-01 4.029323181500017292e-04 1.544292172649884378e+03 -5.514784887614549547e+00 3.914966829554499483e+00
5.996359286859740401e-01 2.087450468225192585e-04 9.105146821256604461e-02 2.117648414019237535e+00 1.101807242233195483e+00 -2.016815057920185610e-04 4.556093095205957297e+02 1.584706810397457275e+02 1.666574684460235289e+02
9.640021273914038680e-02 5.450896307550149623e-04 5.603569739137466144e-01 7.667094399254152925e-01 7.949916682784443633e-01 1.312872102134057155e-04 4.699148965396871063e+02 -7.296763845963313955e+00 1.192516374560131931e+00
3.486225191848119076e-01 6.594035332746737976e-04 1.908447333828581782e-01 1.124996206526400311e+00 1.776670650461174006e+00 1.968068584898210321e-02 4.298548584323286832e+02 3.504678198771518982e+00 2.569422814503508068e-01
9.586715610886474559e-02 3.920628147402376116e-04 5.046167671875316785e-01 1.975031728460370672e+00 7.693272522166501037e-01 5.266012053983910261e-04 9.029635358632820044e+02 -3.685580003931333781e+00 3.056903215647894356e+00
1.015369615707955586e-01 5.061872739000632853e-04 4.467156190381494363e-01 8.171384166905269753e-02 7.074092856540665775e-01 -2.162656718921197527e-03 2.148686365891728656e+01 -2.434496905423089608e+00 3.704438181419358322e-01
9.818978788898302668e-02 4.271151933506614831e-04 4.825451644641394755e-01 1.047026126498416421e+00 7.391652801821946284e-01 -1.387782869776208947e-02 3.923036297785267834e+02 -7.337090632639400312e+00 2.354594303210760131e+00
9.785585240541200269e-02 1.160222329533862036e-04 4.681528896470856793e-01 5.794929587510218028e-01 7.495429259857495641e-01 -3.629923546366898841e-04 3.580587704814571453e+02 -4.680913695308818845e+00 1.370089163862182602e+00
2.989990286928858598e-01 4.996138982562134314e-04 9.904930560804690032e-01 4.057963225086046177e-02 1.369250564170285012e+00 2.482545929404985654e-04 1.606569996369124510e+03 -2.842221484980464652e+01 8.820110263470116507e+00
3.712392667393427659e-01 6.321607425654982861e-05 3.912421940557248012e-01 2.662523188723151524e-01 1.848262555445686850e+00 5.895641244681620093e-04 3.043781870093297925e+02 7.766795970571394037e-01 1.817206522777097683e-02
9.626995371480673303e-02 5.509676299879110936e-04 4.944617698370507575e-01 1.147530896678099932e+00 7.558800560678381464e-01 -4.758190417395370686e-03 4.121488276624040736e+02 -1.849245654372897008e+01 2.585719685220209119e+00
9.833648012320475584e-02 1.466708135040696126e-04 4.682206621056868023e-01 2.481979050450226154e+00 7.511302954862538739e-01 -3.514385131882712728e-03 1.380188375404605949e+03 -4.994591725379516234e+00 4.433870727664448452e+00
1.173777951296468558e+00 1.192703869728803091e-04 8.418508664991615209e-01 5.956087440495028140e-01 2.663489427780519891e-01 4.140406772353874662e-04 7.742279822135014911e+02 4.953134152380160415e+00 9.460204509505288906e-01
7.171936933074325449e-01 5.886491893516039575e-04 8.899737393370296679e-02 1.547235728773490582e+00 8.264969858962014637e-01 -7.349403770022002987e-04 1.036980084147285481e+02 9.832570508748055715e+00 3.984587599099674193e+00
9.544286868003799829e-02 1.820139876656472590e-04 5.162386801615579390e-01 4.592111022822493283e+00 7.773500731571552080e-01 -4.738996587662258619e-02 3.265617537316184553e+03 2.982403106255026248e+00 3.261001690718618562e+00
2.639395274556388116e-01 9.809511172248174525e-05 3.768132854356257000e-02 1.120476140139373200e+01 6.259689735868829707e-01 3.351256573038976453e-04 1.845833752982963688e+03 2.031631491619609164e+01 8.683950895421839178e-01
9.715273574745222906e-02 8.860114300280079111e-05 4.748667184048668832e-01 4.968891307640635802e+00 7.488869497444009538e-01 2.298734583861192769e-04 3.603037702775238358e+03 -1.006926631962597796e+01 8.480238142725417205e+00
9.589791077443830802e-02 1.072074138394311807e-04 4.872352567691846659e-01 8.730306327563228663e-01 7.560544402935011066e-01 -1.591860143082285287e-04 6.502134122565657890e+02 -4.444868578283283966e+00 1.706912834887119645e+00
6.126529228818636819e-01 8.820666249516982823e-04 1.439519347519930825e-01 5.654755085831419947e+00 1.301886565860017830e+00 -1.348028513722521584e-04 9.806688127591121429e+02 3.794369950153520676e+02 4.269658482909768509e+02
9.679860125104865209e-02 1.239447579678439354e-06 4.572196775511394584e-01 3.866079835799118847e-01 7.029668054810336297e-01 -8.792931360947050384e-03 1.561670624279302501e+03 -5.564546499876165342e+00 9.832308855454692242e-01
3.729850252096761909e-01 3.498173455427702749e-04 4.788212162957224960e-01 6.776884868362583747e-01 1.913504955860694690e+00 8.386227814762881082e-04 7.626855396015156430e+02 1.915226887373389086e+00 3.348703350742733564e-02
9.577961207159588208e-02 6.897226753033356924e-05 4.873405664774438928e-01 1.414494959285394371e+00 7.595769360256545699e-01 4.033210612631385472e-03 1.309819414795955254e+03 -2.060048088562828639e+01 2.932009996413079911e+00
9.685020267305097241e-02 2.729344272315422032e-04 4.828599733065246369e-01 8.198067850498407250e-01 7.532230946570601660e-01 3.299744253534695913e-04 3.769274098762779772e+02 -1.356586356937568283e+01 1.904918078097689538e+00
9.572956133225186959e-02 1.198028241652504121e-04 5.009439993928140877e-01 7.282831894916250715e-01 7.715096166748252049e-01 6.592869367246514348e-04 5.782362321882108063e+02 -2.236265330216367087e-01 8.325273613432413455e-01
3.480570663990300018e-01 1.318379159722039471e-04 3.612798788693741825e-01 6.591946711751832666e-01 1.660954501310558218e+00 -1.958455408029254920e-04 3.787101096070565518e+02 1.494668586014723077e+00 7.453486807643020656e-03
9.621702983336814785e-02 1.196991008467560697e-04 4.824595958532890694e-01 7.338896101505377745e-01 7.476308915877376560e-01 -3.316012009205550944e-03 4.927134056143764838e+02 -2.330619748695735183e+00 1.349270842400998038e+00
9.619854073825485907e-02 5.371516083369247060e-04 4.969147082713360475e-01 4.998931176960790257e-01 7.616178205857317973e-01 -5.707891782660586390e-04 1.859223538185626126e+02 -4.199891139338831181e+00 1.074735791474700886e+00
9.727294547018869308e-02 4.921190228891494066e-04 4.881787209946842343e-01 1.109917872473171307e+00 7.590538535515514162e-01 -6.665866947312454500e-05 4.041815986890655950e+02 -2.846890279781817856e+00 2.019397846599001234e+00
9.478333688460349737e-02 4.070090444361989211e-04 5.287107076141910333e-01 3.948688397010107209e+00 7.495649982102138287e-01 -4.552713514429627267e-02 1.943953028404867155e+03 -1.808637426979719720e+01 6.875007411959158432e+00
3.426327302503715533e-01 1.399282236818503512e-05 1.169851339675385682e-01 5.971449575452062675e+00 8.144520619014261609e-01 4.333064990060374322e-02 5.510685907172166935e+02 1.249180042755021702e+01 4.534432556348975130e-01
9.643249710248692763e-02 2.052584866928253663e-06 4.589801034481247877e-01 6.261330479926263681e-01 7.194368878151888858e-01 -8.440408123203704122e-03 2.128096777482487596e+03 -8.331841343456819260e+00 1.517142865701854415e+00
6.006766958038214366e-01 5.634170552658470180e-03 1.083440935656690141e-01 1.313836911300515276e+00 1.156212737785610623e+00 2.441718346221179170e-03 2.555252036287498072e+02 -2.577997280241331879e+01 1.299321129954318508e+02
9.701484990727683722e-02 7.977978608719405926e-05 4.718776157679601679e-01 1.139638588430418320e+00 7.455031038538164623e-01 1.577465063689677835e-04 8.454253079243005686e+02 -1.467778906650889681e+01 2.677570443420573376e+00
4.987492134991103887e-01 2.874078796469782451e-04 1.278361976096684671e-01 1.611432190026686584e+00 8.112138050907720110e-01 2.248450827531708884e-03 1.261518754458308536e+02 5.673893847481093280e-03 6.016435394554883942e+01
2.452384997386173882e-01 6.428480817555828897e-04 7.019927975966624989e-02 3.775610794330168218e+00 8.198164001538812418e-01 1.379184166580994519e-01 4.341003149316406962e+02 7.916910380817817838e+00 3.324469335442004070e-01
9.790899020333292124e-02 9.851716872130639431e-07 4.287333911459465519e-01 3.947731433179650917e-01 6.700456715686906595e-01 -1.508398248829515356e-02 1.179005434048737698e+03 -4.584291211670791455e+00 1.430728750442347152e+00
1.037492959087410321e-01 1.552545888271040879e-04 4.635037201925160111e-01 5.711624828128505360e-01 7.581243403709825301e-01 -7.020711630055004489e-04 3.023252924486428697e+02 2.145054685723804533e-01 5.707647509247277817e-01
1.001164686289864464e-01 2.227199728626739041e-04 4.589222967534885012e-01 1.500915226393123358e+00 7.485894784083058084e-01 -1.310888546800312998e-04 6.481164973992094929e+02 -2.096219034101874001e+01 4.251526774898973571e+00
9.665609956561382887e-02 8.469895671489097226e-06 4.694437056088137661e-01 4.162254703377062937e-01 7.357034749968623943e-01 -3.096386275194190803e-03 8.494726154713082451e+02 -1.119445831654095169e+00 7.422970808320095149e-01
9.692853098250842070e-02 3.415250449957244930e-05 4.683903810867651174e-01 1.752329733635153541e+00 7.368108428777412344e-01 -6.876409780043519354e-03 1.843502688117578145e+03 -1.922138340549013691e+01 4.087071464786939501e+00
9.102851734501068437e-01 2.959427420121766303e-04 6.889375183141031034e-01 8.371420008644481214e-01 2.835361373099931082e-01 5.151461300747828308e-04 2.477129224155206657e+02 1.332174943362443020e+00 4.765020890000669362e-02
9.559713129243675722e-02 3.383526682691846070e-04 5.200764062971374724e-01 1.812493055006149101e+00 7.848724913400737524e-01 3.422353993655961272e-04 1.007151356315107932e+03 -1.075985320484167118e-01 1.859823413522075697e+00
9.578285371818397176e-02 1.271649833221931251e-04 4.906331314876227756e-01 5.782199962439034113e-01 7.613911063829722492e-01 1.369852325243633203e-03 4.110255090476429132e+02 -7.034858793430565527e+00 1.199348190916292634e+00
1.241780360331226213e-01 2.464022989379163081e-04 4.071455298410044943e-01 2.603466688744624502e-01 7.453479426217181070e-01 2.044580413965376190e-04 7.927676798402069380e+01 -1.263125312198604533e+01 2.066405876622445348e+00
6.051226941195341213e-01 6.025803862297549052e-04 1.177761411049632889e-01 1.286985856573696907e+00 1.216574791380911513e+00 5.073139307751366655e-04 2.433600486651972687e+02 1.130298373513631986e+02 6.866513406071091197e+01
1.200955151742128191e+00 9.874914641917992113e-05 6.795234365097861939e-01 2.182381556710247139e+00 2.800934600241825612e-01 1.153539673857206338e-04 1.265849058249201789e+03 5.006458028265740268e+01 1.725649533722427975e+01
2.392426854210386589e-01 8.030134585335873111e-06 7.712891769261798203e-02 9.231218509795313665e+00 7.765155808155445039e-01 8.316100709329412796e-03 9.172234819918505764e+02 1.788794434110254628e+01 5.902124736630386392e-01
9.582202559520902607e-02 4.810987186052543565e-05 4.862525543400192385e-01 7.267043253897402799e-01 7.585435655367180896e-01 1.571402290130220585e-03 7.897938720435499818e+02 -2.723354295712637096e+00 1.319081592555344518e+00
3.417454536338748738e-01 1.190439654358207842e-04 1.026604581315432307e-01 1.176955339543245493e+00 1.211221683783279879e+00 -6.418186284774772543e-04 3.041677071587916998e+02 2.959447436308765056e+00 1.731125710904719561e-01
9.442784299053245956e-02 4.404453787300891487e-04 6.275373495346137087e-01 1.899948207866133609e+00 8.373192090797759723e-01 1.089170369657648657e-02 2.235571024319763637e+03 -1.206762095385760958e+01 2.607976776992978696e+00
1.002039124999305891e-01 3.539819736731134606e-05 4.503909091345473792e-01 1.909674150468312903e-01 7.472015769786217732e-01 5.409201278063623542e-04 1.732136400490047095e+02 -4.428992822895904125e-01 3.733901456746548386e-01
9.890880991134473610e-02 5.758780810438724233e-05 4.563480225169446181e-01 1.534219027045588213e+00 7.479710644804544728e-01 2.558013306943701833e-03 1.183968691334103141e+03 -9.594068787052133729e+00 3.687214284815445442e+00
9.638770876993248138e-02 1.938164317813344847e-04 4.985726374403701699e-01 9.138386600056706000e-01 7.564494941262520644e-01 -1.058214331013513157e-02 5.482857944567458617e+02 2.763177046227050515e-01 8.429349526913234580e-01
9.550630986564588587e-02 1.907686453033871285e-04 5.068910996175077788e-01 9.067397199566087362e-01 7.807362793831602588e-01 5.108374926580672160e-03 6.087931078812346186e+02 -7.410573042260745202e-01 1.159023378063747334e+00
9.680190083717972460e-02 9.038088116438479738e-06 4.626846426697062697e-01 4.737558916629870942e-01 7.225131900273800145e-01 -6.967680570668417436e-03 8.495862136748049807e+02 -4.689913733525042927e-01 7.087085722079944361e-01
3.428454375578480207e-01 8.515768185158069381e-04 1.016398237115126169e-01 7.371201087977814481e-01 1.203736175721391355e+00 2.597607889268870388e-03 1.975805372403052047e+02 1.535687042311518313e+00 9.913996987629039581e-02
8.891779762801226006e-02 5.515901071567210195e-04 6.738404114001710354e-01 7.606010047418794162e-01 9.789602386338371875e-01 4.732544766996557573e-02 1.142847911848416516e+03 -5.076158027209292101e+00 1.055174100604032716e+00
1.042894631482161050e-01 7.565362190488623094e-04 4.661707485323089983e-01 1.492806787767703425e-01 7.652619401009296274e-01 6.567129587217952541e-04 4.075834553381903902e+01 -3.103011007036353242e+00 4.468852477492346598e-01
1.239316086295632058e-01 1.214101691290101859e-04 4.007456695219390186e-01 4.720985349938621178e-01 7.393633848726748337e-01 8.755729228683802517e-06 1.784549171030194543e+02 -2.352156718137034375e+01 3.869414417005165419e+00
9.583524317283050042e-02 2.836696509930238756e-04 4.966908010324886380e-01 5.721057985746662577e-01 7.641372926112468544e-01 3.522757624494352773e-04 2.896871952628870304e+02 -2.310801792609345817e+00 1.062427740670453202e+00
1.039636852494143643e-01 3.928137617879617490e-08 3.864019241147262917e-01 2.225566005057925678e-01 6.172035174159848925e-01 -1.589426485386687127e-02 1.257439829086233203e+03 -2.187485009697504168e+01 1.834580503774531053e+02
1.009300087566078336e-01 1.484763949344128429e-04 4.532914828604580615e-01 1.664854077174219960e+00 7.457073850946549509e-01 -1.987362393204067834e-04 8.233877240166482352e+02 -3.390569450793731221e+01 4.876643488683420458e+00
9.614993354978772222e-02 8.793858853198833190e-05 4.881185761282242908e-01 1.893289635419389549e-01 7.500473172296999724e-01 -6.816064941388207555e-04 1.539048416278719458e+02 -7.055777946075830753e-01 3.477619210093519930e-01
9.585743740672486579e-02 2.836739491382970569e-04 4.956266167398486466e-01 1.138550220537193791e+00 7.625337310456515860e-01 1.039207524226025436e-04 5.712568592810374639e+02 -5.525989994314485010e+00 2.199200323235193100e+00
9.601109184780076689e-02 4.646709878837820286e-04 5.152281135503348208e-01 7.287413363241479480e-01 7.687243739169066226e-01 -8.193533019255439740e-06 3.240152791134815971e+02 -3.568859845802897279e+00 1.333291766206468054e+00
1.108351715061283715e-01 1.281251683103018231e-04 4.219502216608360112e-01 9.199873711395374354e-01 7.374256186755169251e-01 -2.730845643802819189e-03 3.911125709575110818e+02 -2.710802402992684534e+01 4.099672708884644301e+00
9.598396749502047243e-02 1.262836114136213755e-04 4.872391307356613854e-01 9.782798719154519596e-01 7.556642642163524659e-01 -7.726744852771614408e-04 6.735164265666371648e+02 -4.443051165295109683e+00 1.886255821539168043e+00
9.593218557400112756e-02 1.207782559969226361e-04 4.865399297690380376e-01 1.640698222223351710e+00 7.547388390768514643e-01 -1.032222104400939890e-03 1.146808418083938250e+03 -1.463088417949556685e+01 3.454491553090957012e+00
7.295329768599502218e-01 5.776598888480775039e-04 1.169088205634058575e+00 4.845624455072405357e-01 4.652623954546371010e-01 -5.284922534639706349e-02 1.299253297899443169e+03 -9.230425034845268328e+00 1.376466657583873765e+00
1.024615143556452390e-01 6.161471425650483572e-04 4.656170113351604245e-01 8.314617250811986437e-01 7.557856050407190107e-01 2.030859689727873812e-05 2.426018945483322682e+02 -1.730149150579990547e+01 2.492078359237032359e+00
9.666820194378608622e-02 1.411679453349353711e-04 4.515913953240121015e-01 9.410953097588941052e-01 6.442061137012193850e-01 -5.871758412597150728e-02 3.834009631040471504e+02 -2.649312522512806822e+01 4.026953176880277319e+00
9.590083808925545239e-02 9.434201174730939593e-05 4.858907754847778815e-01 1.561830498718827620e+00 7.551687235477704263e-01 1.061489446559601188e-04 1.222580765850455464e+03 -1.379183703900794278e+01 3.264624665617153809e+00
9.587849672442209925e-02 7.640408389015447576e-05 4.925674477665623607e-01 2.470399150478136185e+00 7.628951810252649901e-01 1.732979941143818090e-06 2.265555153292359591e+03 -1.881857737023314936e+00 3.206119390755676868e+00
2.583288136909863697e-01 6.754726578970044503e-11 3.888908009981580094e-02 1.922767678508231715e+00 6.745363672033517499e-01 3.892661715914858597e-03 3.141094568022951989e+02 3.544834853382887729e+00 1.501094220502802168e-01
1.215843308565285052e-01 1.361914431071695217e-05 3.919334391590599265e-01 1.355046587791773005e+00 7.303622545859328463e-01 -8.977946620618554698e-04 1.081105905373407495e+03 -6.106416845628400836e+01 9.884863631709807308e+00
5.329812676527996285e-01 2.863557861423223199e-04 1.133262267171795123e+00 3.361417626596098218e-01 7.035822035557497411e-01 -1.508701973327400761e-03 2.298316810580999118e+03 -6.265774145442758680e+00 8.974989875898580216e-01
9.735509141903171682e-02 1.506812138476860898e-04 4.838664925876456913e-01 1.897636388563178844e+00 7.495379264467185720e-01 -1.876426835610715133e-02 1.143121961930991802e+03 4.414879054557176996e-01 1.895175280142980423e+00
9.577769841519247207e-02 3.559298566722598773e-04 5.741083500584103216e-01 1.901926611199209471e+00 8.041876702521277842e-01 1.500953909132949444e-04 1.639495672809362532e+03 -4.007970953991408791e+00 2.454230119014135347e+00
9.607455544044699036e-02 3.571759603628645854e-05 4.804246303389271833e-01 1.022764530540870132e+00 7.539374819995384724e-01 2.437869413956636824e-03 1.208911207640407383e+03 -1.263636167897743512e+01 2.172567653301233470e+00
9.991570897503347648e-02 5.063367121068852034e-04 4.305895789345353109e-01 2.594596601256837776e-02 6.202562108725483414e-01 -2.141501410985813605e-03 5.271109538320033039e+00 -8.012675089393551886e+00 2.173114651146516252e+00
9.711178601567634072e-02 1.280572339226948036e-05 4.454704075864631685e-01 2.300537579193683291e-01 6.893673138780407328e-01 -7.181452605230195449e-03 2.827760776096487234e+02 -2.885104933482566025e+00 6.884570798705301753e-01
9.654935745567125305e-02 1.708608514366024840e-04 4.852209894171087834e-01 1.831963559836700561e+00 7.533992948892773711e-01 -3.957478410918023951e-03 1.065727207970494419e+03 -2.941920439828780154e+00 2.883401165799798882e+00
5.520189361708298659e-01 8.439974414040469667e-08 4.085718378840162701e-02 1.468880363060087291e+00 6.939780179398589155e-01 -1.484976519651004349e-04 2.385155856222174862e+02 5.673104259552981432e+01 2.135454240372337864e+01
8.089266978063718028e-02 9.294291467475665263e-04 7.829398101934149645e-01 1.230916129340406728e+00 1.065043903640964684e+00 7.705599533816975821e-02 2.752627262625643198e+03 -1.730885883609564413e+00 1.435971850546539752e+00
2.983238107690763807e-01 3.003909137417621201e-05 9.806906106510818177e-02 1.850086791998151625e+00 1.070023955692049000e+00 1.401763177178080031e-03 2.977442310766211904e+02 3.116241869797051756e+00 7.947014635205665312e-02
1.112371374403060831e-01 6.561864554542525549e-05 4.158900835992789258e-01 1.310013527677310607e+00 7.352136705928891125e-01 -2.102833269341798997e-03 6.922764312420846409e+02 -4.006617348974128134e+01 6.094442906378329639e+00
9.734188987538497373e-02 8.933945092204168285e-05 4.717967882551926673e-01 1.284090046867926382e+00 7.478939045039527667e-01 6.301672000546111683e-04 9.067090990460831108e+02 -4.649975666151462406e+00 2.550612123920442009e+00
1.038895191904264659e-01 1.102683951497961286e-03 4.668295167908532717e-01 5.740758366343057251e-01 7.485172496578642587e-01 -3.927764863898433080e-03 1.295126659697675962e+02 -1.336148644172342159e+01 1.953197787236736094e+00
9.766290013743268716e-02 1.833203145990043993e-05 4.503391873968212167e-01 4.808874712370665438e-01 6.917347189932206986e-01 -1.666798026877801264e-02 5.259678410230377494e+02 3.947216942692273467e-02 5.795242296442497665e-01
9.612971302626480141e-02 3.901741673296189330e-04 5.083463077698762156e-01 2.147572161690236570e+00 7.762393008188284149e-01 -3.191041431319676519e-03 1.008876407455365097e+03 8.725461489950048222e-02 2.212535661346355376e+00
9.903491329655700337e-02 1.183288563277813449e-04 4.673162951066339721e-01 3.430510797154923353e+00 7.537657687934751216e-01 3.663429485578497226e-05 2.076427854811446196e+03 -9.555577272974866698e-01 4.423357068349824672e+00
9.676904967200400387e-02 2.317245455430408965e-05 4.566581042127688117e-01 2.740392290998489022e-01 7.071493525679384273e-01 -6.055796161773619249e-03 2.961805356589552503e+02 -2.790662460548091417e+00 7.146332970866680068e-01
1.151101835805618423e+00 1.976073922297185738e-04 9.751152894626482492e-01 4.399738546838189990e-01 3.630476406022316027e-01 -1.427745151754514512e-04 9.995212484233707073e+02 -3.960719301348841270e+01 6.162506128730474586e+01
9.817897429898479744e-02 1.301088200065699516e-04 4.653510434338118396e-01 2.172100759967493744e+00 7.018024671843456908e-01 -8.152900800958845506e-02 1.126948590871028046e+03 1.316717390781079189e+00 1.839846574704957938e+00
1.056129369174470117e-01 1.385169288143554920e-04 4.459340712917090332e-01 4.492425735928879393e-01 7.657167408695224609e-01 5.524380998797559159e-03 2.275272156242219523e+02 -9.194942646219228521e+00 1.320979775634637088e+00
1.114830106889087430e-01 4.432794270088055754e-06 4.051979590310346158e-01 2.962661367817576163e-01 7.297022266309458605e-01 -4.890336345262928284e-05 4.143896552896684398e+02 -9.034559506088474023e+00 1.374738774078605896e+00
9.628892123000555581e-02 2.659434761225712445e-05 4.766998752664454719e-01 4.399311585574411376e-01 7.409771345792244279e-01 -3.410665828415703014e-03 5.638239771411670063e+02 -4.396683476088593667e-01 6.250576944309396143e-01
6.453453683767436111e-01 3.348997342183121181e-04 2.800684984122292498e-01 3.222557441883306062e+00 1.657684854189931833e+00 7.029311856222360266e-03 9.512851080421658025e+02 -1.249752091146572894e+02 1.783975274486630838e+02
9.740339425718225197e-02 7.024421052749052832e-04 4.898118171385652531e-01 7.756819854125036606e-01 7.606242333154143997e-01 -3.630703265387077403e-05 2.429795290699986481e+02 -4.588340069633689566e+00 1.720435173389433858e+00
9.614096584998702011e-02 2.025623157436697247e-04 4.850245219471395752e-01 1.219235784317795224e+00 7.460855080323591793e-01 -7.673281416531273560e-03 6.507668914633694612e+02 -1.950628323657702623e+01 2.734695931151310155e+00
7.990194507028030024e-01 9.882738916325781164e-04 1.268070146868782944e+00 1.799019442552237669e-01 5.178209347760294179e-01 2.842233355825512283e-04 4.114048689867464645e+02 -7.662796426955105211e+00 1.281720709467657926e+00
9.588862612248190420e-02 2.325764343627827860e-05 4.823465728550522247e-01 7.707489498257071858e-01 7.545392991990266252e-01 8.156076767376031159e-04 1.137516073263403996e+03 -2.488534103842386713e+00 1.364383342267947663e+00
9.754023978259086791e-02 1.656662162491567608e-05 4.643300877949073646e-01 4.362299114127490274e-01 7.123956391821489875e-01 -1.226479126645267821e-02 5.847940002420837118e+02 2.153246214374432976e-01 3.860387817556981682e-01
2.981621767101888532e-01 3.733008917371707794e-04 9.336407216715751911e-01 6.099485895090946130e-02 1.323613158685415181e+00 2.281527329450644165e-04 2.055178398704601932e+03 -2.309074366719170968e+01 5.643703411132404923e+00
9.863918383550088209e-02 5.898915452740332221e-04 4.849041216745592076e-01 9.238499118691204659e-01 7.648152754023134214e-01 1.325580853272154678e-04 3.063722851863809638e+02 -4.986643968424575579e-01 1.269399719504389790e+00
9.741937140519131566e-02 4.207904214397506525e-05 4.696852948218572799e-01 9.266048504345276715e-01 7.284062233724795110e-01 -1.240572957618498243e-02 8.848642720203694125e+02 -6.075900266827732876e-01 1.269568858889378760e+00
9.615724102180839283e-02 1.809210792849161005e-04 4.884609848034171531e-01 1.277120513177779415e+00 7.568523834780596093e-01 -6.407144269939015185e-04 7.473888884315736050e+02 -4.588962400314849255e+00 2.369788610268358298e+00
9.815135822366488627e-02 9.669638404571731679e-06 4.531876028125977895e-01 8.502621094970501670e-01 7.367596185360441030e-01 -1.486779134946679404e-03 1.385969697334971897e+03 -1.539916682312773943e+01 2.186436602973898857e+00
5.128824991138142275e-01 3.948537209506664306e-04 9.328232292959121041e-01 5.789883663727739549e-01 7.156667511477770027e-01 3.776777752066842546e-04 1.139789632673555843e+03 -9.723849163193577283e+00 1.374655846243042934e+00
9.769771303944778384e-02 1.330936492389473945e-05 4.561126387559907291e-01 7.715067488132958395e-01 7.162805511514293011e-01 -1.276662157016972277e-02 1.067596390492026785e+03 -2.319375278178965605e-01 1.020334572900176262e+00
9.653251903651544064e-02 8.025866893983660743e-04 5.042520444470756091e-01 8.174740411580329047e-01 7.551921293511655309e-01 -1.039969675730403539e-02 2.566333594130553024e+02 -1.523688284677921501e-01 9.558181948976447462e-01
9.576423050906589240e-02 1.341368720825400029e-04 4.919783619662804752e-01 5.675930685160198719e-01 7.630815154321353155e-01 1.586233088956180790e-03 3.981185600884747373e+02 -3.667666736464313626e+00 1.125347545189731902e+00
9.638221878942461462e-02 7.069470664916677281e-04 5.022036991609712953e-01 6.656790431523099683e-01 7.519228013567762492e-01 -6.506073927240949191e-03 2.190692380265228394e+02 -1.790084813929435192e+00 1.179147906737509910e+00
9.846609622481959645e-02 1.222826044960486144e-05 4.511734432239766779e-01 1.781865008081962909e+00 7.244802465538863201e-01 -1.757876869261761760e-02 2.490113947321939577e+03 -1.865489405704890746e+00 2.875999921698744188e+00
5.527598236911928087e-01 3.740208019507023241e-04 1.084890454420218697e+00 5.100623819698941741e-01 6.895290699983553928e-01 2.528197367077615739e-04 1.879675292964554046e+03 -2.461536627744024486e+01 4.063862411768925043e+00
9.614613874414371097e-02 9.110626018861138378e-05 4.782999104886699882e-01 1.588590310113648485e+00 7.416174696071284878e-01 -1.016549638964090937e-02 1.166235633109468836e+03 -1.869150754360661537e+01 3.567229980431933178e+00
1.058041532930319856e-01 1.308162711039644288e-06 4.223192529600133804e-01 1.498480390740430712e+00 7.323076371867812684e-01 6.684541527988687934e-04 4.172020587010969393e+03 -4.557526853349795459e+00 3.586685773312337844e+00
9.584404310124040871e-02 9.286054715646606828e-04 5.093543827149462633e-01 2.150042951048176221e+00 7.711176373429795561e-01 -1.880044327020085910e-03 6.713153049776594798e+02 -1.322773071318026794e+01 4.332755696595835815e+00
9.605747529020307318e-02 5.440359464418364739e-04 5.168454183125845702e-01 6.255538919275012155e-01 7.670106961763892839e-01 -7.017775810116400580e-04 2.587691166807406375e+02 -6.583800391830819443e+00 1.227956143921143051e+00
9.628164251875220847e-02 8.982385563771063753e-05 4.817423033387567832e-01 1.119813511432008024e+00 7.423285329466726701e-01 -7.779711589772128622e-03 8.514134408649551915e+02 -6.086288199091292483e+00 2.277893565657697295e+00
9.701344275055019672e-02 1.475119848010076056e-04 4.657429838337034944e-01 5.797720802977965882e-01 7.152235802185031854e-01 -1.210949408159292702e-02 2.970129205276696212e+02 -2.841188768676309984e+00 1.343457771261773903e+00
9.525378352590557762e-02 1.168743738921566529e-06 4.408583533245160613e-01 5.804576212544612090e-01 6.418827768884027840e-01 -3.402673663832382622e-02 1.736965298037348475e+03 -4.008166741691097101e+00 1.867647660896345929e+00
9.677731629706444461e-02 1.031696132867958213e-06 4.682042352745618974e-01 1.006076751554018989e+00 7.510268120152038263e-01 7.309505325647666814e-03 5.481001992262600652e+03 -8.489680725447012577e+00 2.169540183356843510e+00
9.664868777499678598e-02 1.865002526020277890e-04 5.263606655890706865e-01 6.812816995747201787e-01 7.739786367392305078e-01 -7.397857425297760204e-04 5.573906601974873638e+02 -8.338502976772023345e+00 1.151207667180846439e+00
9.873615956679102079e-02 6.845786344954508397e-05 4.284515683524754426e-01 2.590400053387327817e-01 6.423035532298377870e-01 -1.631623035795472937e-02 1.231402171978800482e+02 -8.293861687275327910e-01 8.770769366043257298e-01
9.447029257938154012e-02 7.239761196013716482e-05 5.479178790246082009e-01 1.390318888112627382e+00 8.303393707878385932e-01 3.584585996925004903e-02 2.345512949906025824e+03 -4.700837566235072096e+00 2.027241703082770297e+00
1.054200198767452495e-01 3.426271794553499648e-04 4.472554230504817152e-01 4.601945537030773803e-01 7.417997011741861435e-01 -2.407648755602636963e-03 1.529082329040844570e+02 -1.300093961794496877e+00 1.098765922671371520e+00
9.598683980708795638e-02 1.100193796630123374e-04 4.865813855948233346e-01 1.163512213398384176e+00 7.574552207758902256e-01 1.255394068862920529e-03 8.545530445852707544e+02 -1.777219646784112683e+01 2.471288100652264674e+00
9.528232150391312272e-02 1.610343859322270433e-04 5.910877016970992326e-01 8.410022238627690161e-01 8.100437784311178557e-01 -1.287377572833596235e-03 1.319580156996794813e+03 -1.393860158131831062e+00 1.011261796059957252e+00
9.824670466729171214e-02 1.204530372577581988e-05 4.470473560616661235e-01 7.310256573904787558e-01 7.197763312880545161e-01 -7.483562900405728302e-03 9.847463392575864418e+02 -1.068098395940357648e+01 2.059143429345322573e+00
9.949139329969335088e-02 8.095599982919918290e-05 4.598946175437980122e-01 1.685643252532354808e+00 7.470613850486087504e-01 -3.876351548628794406e-03 1.133814562073652723e+03 -3.341837502496584067e-01 2.174998575078565644e+00
1.099832958517488191e-01 4.485535202533621528e-06 3.859683992675736475e-01 6.441939044361758016e-02 6.467595942301148648e-01 -3.348919888515216377e-03 6.260464577003533293e+01 -3.536857877040136344e+01 1.264487737394110667e+01
9.667213179487627039e-02 7.874750174238098364e-05 4.762851275705830556e-01 6.071356878951891245e-01 7.483275284021424500e-01 1.586062798859259242e-05 4.716277064561965062e+02 -3.071660724189620773e+00 1.252781362265648735e+00
8.856133263876959927e-02 3.872907014900293541e-04 6.741427353292406277e-01 6.858291572626675769e-01 9.758729691724672417e-01 4.165455521566127639e-02 1.315408480332993122e+03 -3.711975882100071011e+00 9.404228917448955727e-01
6.630826163812559848e-01 6.262072046764796391e-05 4.476567024293369723e-01 1.294342323720580445e+00 1.821070311465036617e+00 2.533861395687794695e-04 2.265741199130830864e+03 3.886159578200943088e+01 2.469169448411425094e+01
9.593032342304892712e-02 1.385667879476184356e-04 4.960116811790448721e-01 6.433149254678538487e-01 7.604392516372069366e-01 7.265340712965591852e-04 4.529256265120136504e+02 -6.240755838475794626e+00 1.299984807568617118e+00
1.001446921754581693e-01 1.727304986072727146e-06 4.229128155313254811e-01 3.193994543668973174e-01 6.955514453799025443e-01 -7.008921646411367563e-03 7.398979646627662987e+02 -8.346655437668909272e+00 1.247298611090251086e+00
9.586153737312823331e-02 5.252740090952519487e-04 5.009222841331486542e-01 6.288857260766559376e-01 7.652524213233815598e-01 -3.174650342495847870e-04 2.440862309885919217e+02 -9.493672456707262342e+00 1.337131434496304339e+00
9.634418494943718103e-02 1.429362769672625215e-04 4.774608061688703220e-01 1.338161847655433778e+00 7.356442802147202809e-01 -1.422492998560981672e-02 7.847936742710280669e+02 -1.821965733278796762e+01 3.120964808040334937e+00
9.974113903646340817e-02 1.140040990965518379e-07 4.368365636876121449e-01 2.103385515470371780e-01 7.209731480652391555e-01 -2.148636573689944283e-03 1.955864557047927065e+03 -1.717114629843534135e-01 3.370932420916794570e-01
9.959359825416508327e-02 9.434519150130119778e-06 4.344988049617641845e-01 6.622129904553933910e-01 7.127073672665948934e-01 -8.868728831954612174e-03 8.704086786667414799e+02 -1.497161078095296993e+01 2.189672317117682177e+00
9.584777188960939831e-02 4.082538252264656352e-04 5.030526769937908593e-01 4.111078898270720039e+00 7.691062907631531775e-01 -6.071753208740552450e-04 1.827567222546971607e+03 -6.451320672089506658e+00 6.170697393569218647e+00
9.610230525248075750e-02 4.189892187955707821e-04 4.947732113659161213e-01 7.897904468167755709e-01 7.597450165408081713e-01 -1.516288130782067652e-03 3.261961358369705408e+02 -1.236913394041369507e+01 1.723719297658221183e+00
3.414141267009576652e-01 4.939517122740405986e-04 1.312304506418195960e-01 2.551565416761616412e+00 1.312480765171481600e+00 -1.899430379672280289e-04 5.486093793349081125e+02 7.482162005213806921e+00 3.714362312416178424e-01
1.065237025617452177e-01 3.204835122427170081e-06 4.227426620559433523e-01 9.188277699078957195e-01 7.391746972958117556e-01 4.092835583006956476e-03 1.790507897094704276e+03 -6.361565749914674939e+00 2.716289997605549011e+00
9.590000128981132632e-02 8.136340273754611200e-05 4.896794936045344437e-01 2.400818650506792995e+00 7.595159485399947119e-01 4.317612516759755398e-04 2.084898214799152811e+03 -4.230071040776762104e+00 3.694588104180155597e+00
9.680595872012462411e-02 8.761916187075902748e-05 4.742060905588190156e-01 6.753545531923288436e-01 7.462142429695604040e-01 -1.213718512338593340e-04 4.893361538871959056e+02 -1.117768663898288395e+01 1.569608523312983728e+00
9.576126502129904405e-02 5.346568952721349622e-04 5.125655075085512324e-01 2.157087421198073063e+00 7.765901953936280577e-01 7.137353410103340970e-03 8.992555704945476691e+02 -8.005785191160089909e+00 3.795173948469233061e+00
9.647816840097407642e-02 2.902649321517013518e-04 4.824606105705258052e-01 4.231565922182971562e-01 7.412578376760703414e-01 -4.085468777350088898e-03 1.865445948483353504e+02 -5.625946627840191283e+00 9.941140953915805767e-01
9.584561197712976321e-02 8.117089129377219625e-05 4.868654869589956746e-01 6.119692387306141512e-01 7.571465913716255436e-01 8.303624010940276363e-04 5.200138008821111271e+02 -8.993358457255737903e+00 1.282338599787002487e+00
6.257785092705860919e-01 2.697541096527507256e-04 1.867560020917782837e-01 6.774518917039353827e-01 1.469718281669950777e+00 1.753476775410159599e-03 1.404384960885370788e+02 -3.998572050082418627e+01 4.824218133695217148e+01
3.461747794413658208e-01 1.862873996207951551e-04 1.677828388864034403e-01 1.421137953203583493e+00 1.485053473534905688e+00 5.807401194504017289e-03 3.428571254415921885e+02 4.525872619009129849e+00 2.107098491818646391e-01
9.678514410672604817e-02 3.344543446924236720e-04 4.868016454988985942e-01 1.233787053237927811e+00 7.579072965722595256e-01 -1.641552635183620226e-03 5.379275354810849876e+02 -7.793905420565979014e+00 2.642069213039119902e+00
8.602831104799040229e-01 9.985673034331384880e-05 6.136849392877249398e-01 9.474388736631553787e-01 3.355891734249176195e-01 8.879906736718698760e-04 3.995742347588881103e+02 -3.294766811398741169e+00 3.287452937753271964e+00
6.286133350622733484e-01 6.093105956549761410e-04 1.955381456338391444e-01 1.783212098786190580e+00 1.445440012778275829e+00 -1.312521053224861346e-04 3.241695917295991194e+02 4.348721210077846422e+01 1.332285971134499505e+02
9.656760753905940797e-02 4.735651556378778671e-04 4.907271678216900135e-01 9.571403837617803445e-01 7.565163912355010734e-01 -1.470939731721578828e-03 3.603479744484527600e+02 -1.561165551030903487e+01 2.187128130577106866e+00
9.428537105671792873e-02 5.679073924874965869e-04 5.725976482815751112e-01 1.628545989025249385e+00 8.019620653049646108e-01 6.148341796923546994e-03 9.424243210936052719e+02 -1.318340264951963769e+00 1.866232707926500645e+00
1.011947586823598449e-01 2.239719463937053814e-06 4.355854667966970739e-01 3.973825568674418385e-01 7.336291706128994505e-01 -6.863163810757396961e-06 1.020681722963974380e+03 -7.884747751179769892e+00 1.185586250711522460e+00
9.689512040807932158e-02 3.127552469939672540e-05 4.754034581501542789e-01 8.906543791335468363e-01 7.325213900029987624e-01 -1.377821914127612402e-02 1.028077188693893277e+03 -4.434353565286175414e-02 9.962528219824482445e-01
8.675905271797447471e-02 5.568423372582997303e-04 7.410212647828606780e-01 1.045838947632083737e+00 9.678107213182336466e-01 4.089684128629639259e-02 2.554210047467831828e+03 -4.853621918856061868e+00 1.374830882948868682e+00
9.288810543502966366e-02 3.210069705374479711e-06 6.063797665130331582e-01 4.323423229408338009e-01 8.670656349267233942e-01 1.282307834222754656e-02 8.580208182939715698e+03 -2.220290063418055126e+00 5.971956875299544443e-01
