1.068007477456256682e+00 1.055667608252921941e+00 -5.749301656430000129e+00 2.577434300354948693e+00 8.397471906054884000e-03
1.686845908530108851e+00 5.284096411691794337e-01 -2.254684518686748618e+01 3.262632068879633085e+00 1.049496458846252978e+00
6.937870637473181334e-01 1.967329866106501290e+00 -4.960895443052401044e-01 6.572552125136164047e-01 1.115160646798924989e-03
1.068006125445399634e+00 1.055572793048747515e+00 -1.247189830621030993e+01 3.135919532126907328e+00 2.280615753046196792e-01
6.937501958353247122e-01 1.958001205363765207e+00 -1.122438604785107152e+00 1.177800489265937500e+00 3.533215128905123695e-03
2.857142857142854098e+00 8.618339096202275229e+00 2.084310528905985116e+00 2.356234120819192590e+00 1.100369971887359827e-01
2.475287311004430890e+00 2.802438826575852082e-01 -4.658952837633215438e+00 2.385864774578489111e+00 4.072268724685882546e+01
6.937722956678260555e-01 1.954107474070888362e+00 -1.088348104839794317e+01 3.069706567056359248e+00 2.366761496481548477e+01
1.068939978942288871e+00 1.074009270687461770e+00 -2.392137313096757978e-01 2.640484860460187155e-01 2.512232483333538653e+02
2.857142857142854098e+00 8.780471015346904551e+00 3.556311898355444256e+00 3.379138186888296591e+00 2.664726148501472269e-01
3.442737260654177511e+00 9.615912312235405657e-02 -2.656422262221780350e-01 3.185069054022839907e-01 2.557365996661302709e+00
1.068006949245742687e+00 1.055557519858300708e+00 -2.527016841354976151e+01 3.262200352902829614e+00 2.273820444965155119e+00
6.937724387476539301e-01 1.954082775200935096e+00 -1.216158768205995955e+01 3.126224785737433898e+00 7.138982223115837655e+01
2.857142857142854098e+00 8.145690926563228018e+00 1.658476481173898898e-01 4.539700565590425896e+00 4.982826531281943638e-01
1.686962629317621198e+00 5.286180802798489120e-01 -2.300870692675829332e+00 1.741008959071967954e+00 9.417323014491402883e-03
6.937729749422529846e-01 1.966322555476171630e+00 -5.190148142459389824e-01 6.836361872883152113e-01 1.303343162102643584e-03
6.937706361361387630e-01 1.954394483443691932e+00 -5.750643130220250754e+00 2.578591802299028402e+00 3.966413024722062983e+04
6.937556224518572900e-01 1.957050205684464306e+00 -1.377760414655335719e+00 1.327010823476809431e+00 1.272050260069536587e-01
6.937568705820524873e-01 1.957282519306301705e+00 -1.303122646850985777e+00 1.285566722537447859e+00 2.022441370216984929e-03
1.068005923143785951e+00 1.055558501333806021e+00 -2.149145672935247475e+01 3.255690987185224650e+00 9.915325787474813524e-01
6.937704395667764201e-01 1.954428646917449441e+00 -5.479697286924274380e+00 2.534480444106520736e+00 4.545626020837870601e+04
1.687166821808583794e+00 5.295423822279474724e-01 -6.624497492736232118e-01 8.307273648801536403e-01 9.771870245456139673e+04
2.857142857142854098e+00 8.287224989491157601e+00 2.942532127269018583e-01 2.743704755092150283e+00 2.986646614288551160e-01
2.857142857142854098e+00 8.398147348267251289e+00 4.010114834526430805e+00 1.199885083005530984e+00 9.393824317204174434e+00
8.333335019792948994e-01 3.386339184871547392e+00 -2.316565734565260826e+00 3.326458432541853583e+00 2.208689581468919333e-02
8.333333333333309279e-01 3.391279065441961116e+00 -7.160932599965730283e-01 1.586766635515287627e+00 1.335164899904574654e+01
1.687046912090615969e+00 5.287421888082926014e-01 -1.613852398006133226e+00 1.449223479685622484e+00 1.588994366018384952e+01
8.333333333333545756e-01 3.451366913708057815e+00 -2.839893207288340382e-01 4.691134580754970362e-01 5.986049878149257708e-01
1.557142857212359122e+00 5.371733458168719721e+00 4.803011283685441057e+00 2.727319840923504657e+00 1.288028318862638466e-01
2.857142857142854098e+00 8.445961244261329881e+00 2.677735285753840344e+00 4.866366274909146306e+00 1.874275583227440034e+00
1.557142857142854275e+00 6.223809164096387292e+00 1.015530030638549241e-01 2.264743209533338353e-01 3.544002242881166165e+00
3.438924988553055506e+00 1.248104126837827343e-01 -4.175758379249538521e+00 2.322745563959554893e+00 3.702648923968030203e+01
1.068006925834695364e+00 1.055629093112575578e+00 -7.130641648081136097e+00 2.766431181133479189e+00 1.779494359695571459e-01
8.333333333795593934e-01 3.385216353204595574e+00 -1.128351468599179697e+01 7.173965128265285429e+00 6.975373014937986671e-01
1.557142857154870219e+00 5.861198389947205101e+00 2.597997411936330825e-01 5.385996963590576891e-01 4.180035751548774603e-01
6.937722507353920598e-01 1.954115241865366670e+00 -1.056136565607146238e+01 3.052552008400890138e+00 3.681776447917087580e+02
1.686934979126528900e+00 5.285419597264144898e-01 -3.146637914915115353e+00 2.019443958359483648e+00 1.227320382358521034e+00
8.333333333333308168e-01 3.797208427772107431e+00 -1.531844396478666548e-01 1.377090954806199918e-01 8.765365211130806244e+00
8.333333333333465820e-01 3.385428954700525406e+00 -6.278277109980129111e+00 5.518771787023608155e+00 2.127411012719021954e+01
2.857142857142854098e+00 8.826941871008859408e+00 2.694236741182570727e-01 4.713694058423107514e+00 3.342328375559089348e+00
2.532280563541617457e+00 2.800732176983421473e-01 -1.158743720674859787e+02 1.793911736493433295e+01 3.128549389491277921e+00
6.937711003526041420e-01 1.954324927036868775e+00 -6.411394298100322686e+00 2.675996211327470675e+00 2.509147025172314693e-02
3.442688102192428268e+00 9.616235748274361284e-02 -6.198863545614204718e+00 2.753504436339835770e+00 4.272088441223382271e-01
1.068284553187252239e+00 1.057759064977660479e+00 -7.207553800271194744e-01 8.828968935935642692e-01 2.119938300240657453e-03
1.557142857142854053e+00 6.166154599391126645e+00 5.644543718618229289e-02 2.368528209340257651e-01 1.129664871073575760e+01
1.557142857142854275e+00 6.473277331307226490e+00 3.226657123556119222e-01 9.500130847028490089e-02 4.323106684728213800e+00
3.440961019136385524e+00 1.342150433298434642e-01 -1.487333946164001719e-01 1.324541470924769648e-01 2.356749561411874416e-01
1.687009238910594178e+00 5.287006367955434660e-01 -1.796518311451118066e+00 1.534570246887945189e+00 2.590830230062700010e-02
3.442688254171096141e+00 9.616235748377663373e-02 -5.041669455350007212e+00 2.551691220973630880e+00 1.290382835770037762e+00
1.686853288593421096e+00 5.284227269022759854e-01 -1.021179116941068266e+01 3.034330376623382897e+00 1.382008302252290211e+00
1.557142857143362313e+00 6.099554204261867341e+00 4.976085839628523189e-02 2.696516149053359013e-01 5.776398401630757906e-01
2.477615041632974524e+00 2.813114824836586148e-01 -2.247609389759232801e-01 2.388263118694534948e-01 2.171254464811211288e-03
1.068299023732784958e+00 1.057892593128271663e+00 -6.923600703263566025e-01 8.577662918423962779e-01 9.385943224471133411e-03
1.557142857298132732e+00 5.158354113553114573e+00 1.972962746350258811e+00 2.425977344689448145e+00 1.201676621434130121e-01
3.441133178069200937e+00 1.153154153888145128e-01 -1.080618851102094435e+00 1.174273009590864669e+00 2.695604534033742539e+01
1.687016554638785415e+00 5.287061968668204104e-01 -1.775167920999368931e+00 1.524934692076370446e+00 1.057538618989675161e+00
2.475706938094325515e+00 2.804208475032518022e-01 -5.411792684850273982e-01 7.089487270853309653e-01 4.606713463192928237e-02
1.686845714103383465e+00 5.284092973586287378e-01 -3.297725135571724309e+01 3.269339093524125772e+00 2.572658614238084596e+01
8.333333333333602377e-01 3.748001816621665760e+00 -1.667010515505406854e-01 1.543093619423139273e-01 1.433866270192076131e+00
8.333333333333380333e-01 3.385524751698746559e+00 -5.262320584864914608e+00 5.071727728946656910e+00 2.389245057359910263e+01
6.937727540651376090e-01 1.954028342768790782e+00 -2.396560879572961511e+01 3.262611309101645318e+00 1.580941009369403183e+00
1.687159909898062971e+00 5.294111100829425043e-01 -7.202825070227918403e-01 8.828962304668763750e-01 8.460278535837581148e+04
2.857142857142854098e+00 8.878031551202544946e+00 6.528398907701631060e-02 2.495365453809877732e+00 1.616007071479466650e-01
8.333333333333317050e-01 3.385271384416048246e+00 -9.319057271995863090e+00 6.608396327416981464e+00 2.173473116686067996e+01
1.557142867409555320e+00 6.439269262954001150e+00 2.049553110184307303e-01 1.174213619396472785e-01 1.315198191411510731e-01
1.557142857218229315e+00 6.034000169110943723e+00 4.311942963575217114e-01 4.713484321662629872e-01 2.043167673889539904e-01
1.068034747256795258e+00 1.055999373122960883e+00 -2.354350452070638866e+00 1.759357500792385842e+00 4.356576136856429859e-03
6.937706468079654076e-01 1.954392729999642864e+00 -5.765384309097283833e+00 2.580918592219778596e+00 1.269885830822433491e+03
3.442688167186484627e+00 9.616235748383840376e-02 -5.679899152192222189e+00 2.668910681562845166e+00 9.587703821165996843e+00
1.557142857142854275e+00 6.417713520480104350e+00 8.975089089695138800e-02 1.093978398510505184e-01 1.020504598189254253e+01
1.686847603660659889e+00 5.284126450466641867e-01 -1.503942955232886547e+01 3.205717161940010662e+00 5.737209100989258737e+00
6.937421849814067176e-01 1.959454211984179128e+00 -8.933653855132372978e-01 1.021514819913533323e+00 3.280467317462448275e-03
3.442256787155034914e+00 1.057571318152204232e-01 -6.132613984003547625e-01 8.023265025251302696e-01 1.862032175999831729e+00
2.857142857142854098e+00 8.374405602820496952e+00 7.670544170818081875e-02 1.780840157175569871e+00 2.805803065054393919e+00
6.937684279017084510e-01 1.954777745320399163e+00 -3.761874131816526301e+00 2.183377205038501856e+00 3.339569828403269014e+01
1.068020080784999992e+00 1.055898599116902536e+00 -2.834871484711642076e+00 1.923094805875713131e+00 6.902536641266546202e-02
1.557142909423781418e+00 6.469129939444535182e+00 8.238996951780561129e-02 7.434105164052008663e-02 1.286530832920976808e-01
2.857142857142854098e+00 8.576935022030662381e+00 3.588841150632985366e-01 2.083865624385708326e+00 2.896635519666932446e+00
7.590137952121833731e-01 1.944494587678309072e+00 -2.366791939295162592e+02 4.135511589431951762e+01 3.443774885837608490e+00
1.557142857142854053e+00 6.309675352975860463e+00 1.347301862156293217e-01 1.888018554785459990e-01 5.537326103216306805e+00
1.557142857148740678e+00 5.888802737060131243e+00 2.263895960975488841e-01 5.003050323248904308e-01 2.350941577962099016e-01
1.557142857250033652e+00 6.416969842123950940e+00 1.052352673006725636e-01 1.141312454642448293e-01 2.902668149082775484e-01
1.688861832343934166e+00 5.413931103466378403e-01 -1.747681745889030358e-01 1.635047279846953971e-01 1.974181655637044460e+05
1.557142857145283443e+00 5.958279464671100811e+00 1.202770895665027595e+00 7.316017801740928306e-01 4.379205929743209547e-01
1.757887615735304943e+00 5.268183476972529977e-01 4.564150448632966572e+02 1.911767143536180956e+05 2.577118585213555662e+02
3.442697118479082441e+00 9.616235748388002325e-02 -6.255100017478738561e-01 8.194138908263841614e-01 4.566647426110891388e+02
1.557142857142854053e+00 6.495026245501247075e+00 1.864617262975753476e-01 6.647983461161098562e-02 3.933882121062144410e+00
1.068221882744264661e+00 1.057244744955479598e+00 -8.687817832775186488e-01 1.003012636976774008e+00 1.590100524036375251e-01
6.937682127229719553e-01 1.954815049984730102e+00 -3.644487689841129807e+00 2.153830930878688044e+00 2.972724047710201489e+00
6.937717962989523590e-01 1.954193747942766235e+00 -8.348542324274506043e+00 2.893830992633490862e+00 2.108124682897496299e-02
8.333333333333322601e-01 3.385219562307599794e+00 -1.114522655559622244e+01 7.136922638937468477e+00 1.543371145376133668e+01
1.686985733464460679e+00 5.286593446266147911e-01 -2.013930860006543533e+00 1.628264036999259812e+00 3.135164353427139297e-03
2.857142857142854098e+00 8.532286695168842527e+00 9.437917152449684655e-02 6.533466894168031558e-02 8.042663229062878116e+00
1.686874531144467504e+00 5.284604190309181160e-01 -5.710835178392166256e+00 2.573691340592394461e+00 1.123002231279563057e+04
3.492019604313165715e+00 1.057563931350451736e-01 -1.342978234194189326e+02 1.402545746659786019e+01 5.572481805801537291e+01
1.686846940316755195e+00 5.284114714161294302e-01 -1.650412881158680278e+01 3.227599727544214758e+00 1.554745407164918602e-01
6.937712190157144798e-01 1.954293755400319466e+00 -6.769162031903100285e+00 2.723280757057086277e+00 5.128931814105724962e-02
2.857142857142854098e+00 8.810811121461048501e+00 2.804251905255542354e+00 4.292833225636641714e+00 2.737379933976917812e-01
2.475440272241046014e+00 2.803155057726689492e-01 -9.647192894880616265e-01 1.073862384366136791e+00 3.230704279072553736e-03
2.857142857142854098e+00 8.425275550217122600e+00 6.377405269359423534e-02 2.851314205483218789e+00 2.755718021142867347e+00
